Phase 3b: After pairwise transform (100x100 numbers 0-9999)
======================================================================
Row   0: 04746 04625 02550 05065 06559 05996 09614 01421 02130 03056 05684 08485 08558 05808 00864 06400 00099 09985 08529 02978 07845 04525 02567 06792 09282 08261 06127 02736 03601 00190 09009 00926 02604 00402 00256 05619 01990 09045 04554 05408 00883 08385 08566 06624 02473 07382 08233 03372 07265 06526 02606 00673 07306 00696 09623 02381 08106 00666 06638 03834 03489 08966 06663 06395 09561 06100 00002 00236 03657 05790 09006 00694 09413 01346 04682 08235 03583 08394 09449 04954 05487 08726 02669 06934 03409 00935 03552 05256 05607 00762 06278 07838 03892 09295 09529 02969 06997 09767 06751 05115
Row   1: 01525 02591 09186 08664 06448 04885 08543 04363 06376 07610 01005 00546 04679 07926 02659 05909 00956 05679 07906 00677 07754 05425 02580 08003 00343 04346 04647 04740 04028 02895 09572 07228 02850 05041 04188 08820 02041 04145 04512 01282 08224 02407 00727 02736 03682 08222 02275 07501 00145 04517 01752 05292 09283 08392 09213 01365 06553 05376 07669 06984 08426 02615 01551 05178 07846 04676 07667 06784 08453 05317 01719 01914 01460 06063 06380 08033 03367 06746 04611 01101 00189 08968 06824 02408 00881 08171 07125 02542 04277 07723 02302 00292 09267 06752 05266 06610 01095 09594 09447 04757
Row   2: 05783 08339 03988 08897 09792 09268 06809 00922 02272 07293 09321 02175 07506 00617 01767 06744 04425 02580 08032 03225 02553 05302 00204 00494 09437 03758 05832 03292 09207 00775 07519 01976 07674 07416 01646 04656 05645 04540 04027 02795 09577 07758 05830 03072 07285 08552 05264 06468 06869 06903 00385 08587 08779 07925 02581 08167 06740 04034 03430 03059 05986 08605 00533 03336 03662 06220 02088 08813 01315 01596 09680 08049 04992 09270 07079 07998 09845 04587 08783 08334 03446 04682 08230 03064 06457 05732 03218 01809 00987 08767 06757 05713 01333 03344 04412 01229 02911 01148 04810 01025
Row   3: 02513 01376 07645 04562 06223 02389 08950 05060 06051 05175 07591 09129 02931 03179 07986 08692 09259 05940 04055 05588 08899 09926 02680 08070 07077 07778 07822 02277 07710 01014 01480 08022 02241 04155 05595 09572 07252 05237 03788 08816 01630 03074 07489 08977 07794 09435 03561 06191 09191 09170 07048 04827 02750 05081 08144 04459 05958 05870 07099 09938 03801 00131 03160 06060 06097 09792 09204 00409 00939 03960 06041 04138 03868 06813 01343 04322 02267 06755 05513 01383 08374 07470 07060 06060 06092 09264 06477 07791 09117 01791 09117 01733 03385 08521 02107 00762 06244 04454 05440 04060
Row   4: 06028 02896 09686 08620 02049 04967 06725 02526 02662 06250 05041 04161 06129 02975 07553 05308 00809 00932 03275 07515 01530 03002 00291 09117 01788 08840 04038 03839 03987 08704 00468 06810 01008 00826 02648 04849 04960 06086 08608 00853 05337 03775 07521 02104 00498 09879 07904 00428 02878 07823 02395 09593 09300 00056 05608 00875 07566 06693 09313 01301 00145 04558 05894 09492 09202 00206 00643 04381 08113 01324 02460 06003 00369 06985 08515 01518 01894 09427 02795 09595 09510 01043 04396 09646 04600 00097 09702 00251 05123 02340 04073 07361 06165 06576 07644 04428 02896 09652 05288 08895
Row   5: 09517 01785 08505 00521 02169 06945 04512 01256 05606 00674 07460 06030 03066 06647 04741 04123 02311 01122 02208 00863 06353 05350 05008 00867 06746 04625 02580 08023 02380 08083 08345 04539 03926 02669 06951 05175 07553 05367 06744 04481 08115 01585 08515 01543 04318 01801 00163 06366 06673 07363 06375 07593 09320 02065 06516 01630 03030 03095 09535 03562 06248 04841 04122 02208 00832 03265 06521 02199 09909 00963 06339 03972 07211 01167 06797 09775 07559 05910 01095 09594 09439 03959 05932 03244 04478 07838 03881 08121 02131 03168 06860 06091 09183 08352 05215 01577 07762 06220 02084 08456
Row   6: 05621 02108 00815 01560 06090 09092 09202 00291 09182 08271 07192 09228 02858 05828 02863 06364 06431 03120 02035 03529 02922 02242 04210 01021 02186 08651 05144 04408 00833 03331 03152 05224 02491 09173 07329 02997 09725 02537 03708 00882 08268 06877 07746 04612 01240 04096 09634 03454 05422 02296 09665 06583 08307 00703 00372 07255 05500 00040 04097 09771 07124 02495 09522 02244 04467 06748 04839 03913 01367 06746 04659 05916 01614 01433 03341 04172 07225 02566 06619 01933 03377 07725 02534 03444 04464 06492 09286 08660 06097 09745 04505 00595 09555 05549 04951 05104 00409 00968 06858 05847
Row   7: 04709 00957 05701 00133 03312 01233 03329 02993 09334 03495 09517 01787 08752 05218 01846 04606 00641 04161 06180 08082 08235 03546 04603 00327 02745 04561 06119 01931 03115 01523 02384 08424 02472 07240 04074 07471 07143 04387 08763 06339 03923 02315 01549 04953 05347 04793 09392 09202 00252 05224 02425 02529 02986 08648 04800 00024 02422 02233 03360 06067 06731 03119 01956 05622 02252 05214 01477 07797 09726 02649 04941 04149 04973 07382 08206 00626 02657 05789 08910 01034 03419 01975 07555 05560 06055 05557 05700 00017 01701 00160 06086 08649 04983 08334 03465 06585 08530 03066 06666 06627
Row   8: 02721 02151 05192 09271 07176 07633 03388 08877 07744 04468 06834 03468 06858 05889 08966 06697 09790 09091 09108 00890 09038 03844 04467 06700 00044 04476 07672 07256 05614 01466 06647 04718 01856 05683 08321 02168 06849 04940 04006 00643 04304 00427 02718 01874 07409 00965 06530 03025 02528 02859 05918 01840 04082 08288 08870 07083 08311 01133 03362 06200 00047 04763 06366 06636 03669 06981 08187 08722 02264 06454 05475 07525 02504 00441 04118 01809 00911 01144 04405 00512 01229 02950 05055 05546 04651 05118 01854 05428 02807 00793 09375 07537 03752 05213 01379 07994 09403 00342 04259 05929
Row   9: 02997 09746 04630 03075 07567 06726 02650 05063 06327 02772 07246 04605 00584 08431 03146 04678 07803 00379 07969 06926 02669 06989 08945 04588 08858 05875 07593 09335 03520 02077 07776 07669 06957 05757 05759 05926 02621 02108 00815 01584 08456 05622 02209 00925 02520 02061 06141 04172 07248 04829 02921 02150 05006 00642 04268 06884 08451 05167 06799 09994 09458 05846 04687 08791 09148 04818 01814 01459 05988 08841 04156 05678 07821 02129 02962 06299 09984 08455 05542 04294 09444 04409 00967 06767 06704 00407 00784 08474 07428 02881 08134 03416 01698 09896 09634 03413 01377 07705 00566 06642
Row  10: 04235 03518 01855 05563 06337 03746 04678 07837 03708 00811 01122 02291 09158 05883 08371 07142 04207 00781 08101 00143 04390 09000 00026 02657 05748 04813 01367 06727 02745 04519 01930 03060 06060 06096 09695 09568 06816 01692 09268 06826 02600 00060 06070 07055 05510 01090 09006 00699 09995 09567 06778 07819 01936 03661 06164 06466 06639 03908 00865 06508 00890 09010 01008 00841 04182 08265 06575 07539 03937 03774 07403 00306 00656 05675 07513 01342 04201 00192 09265 06516 01651 05107 00738 03859 05959 05958 05878 07861 06127 02711 01183 08325 02506 00639 03904 00416 01657 05798 09885 08582
Row  11: 08278 07850 05020 02039 03978 07804 00429 02923 02302 00295 09544 04481 08192 09228 02812 01290 09013 01327 02740 04040 04024 02478 07858 05869 06991 09144 04477 07742 04278 07892 09201 00160 06023 02309 00990 09089 08944 04406 00694 09480 08020 02015 01572 07263 06360 06058 05855 05527 02787 08734 03444 04480 08055 05577 07756 05675 07566 06618 01889 08903 00305 00592 09221 02129 02940 04058 05822 02262 06250 05056 05615 01570 07061 06125 02546 04617 01778 07841 04134 03479 07947 04745 04549 04927 02730 03070 07030 03000 00061 06164 06426 02646 04658 05834 03417 01759 05938 03851 05185 08512
Row  12: 01233 03324 02485 08586 08621 02173 07301 00112 01247 04796 09627 02718 01864 06491 09134 03452 05299 09903 00342 04265 06593 09331 03117 01787 08721 02153 05326 02614 01496 09655 05574 07452 05291 09183 08393 09303 00365 06533 03321 02131 03183 08349 04957 05765 06528 02892 09212 01206 00638 03874 07416 01618 01853 05349 04937 03778 07800 00013 01388 08833 03314 01431 03117 01768 06865 06575 07541 04191 09149 04917 01722 02241 04111 01178 07871 07140 04069 06996 09624 02423 02363 06353 05308 00834 03479 07997 09758 05841 04100 00068 06835 03595 09532 03293 09395 09519 01996 09674 07417 01783
Row  13: 08308 00833 03337 03737 03791 09199 09943 04362 06267 06723 02358 05828 02867 06750 05085 08591 09103 00367 06749 04987 08789 08954 05445 04517 01777 07775 07545 04586 08606 00645 04579 07958 05863 06351 05167 06755 05513 01377 07713 01351 05103 00382 08272 07287 08783 08336 03629 02953 05399 09962 06296 09631 03194 09482 08277 07764 06496 09678 07868 06873 07387 08756 05655 05568 06827 02747 04796 09697 09775 07525 02580 08077 07797 09781 08147 04733 03386 08646 04691 09190 09049 04920 02031 03195 09513 01324 02422 02292 09250 05073 07364 06458 05882 08276 07658 05826 02632 03256 05635 03570
Row  14: 07000 00089 08932 03288 08898 09839 03954 05460 06023 02308 00811 01121 02161 06181 08191 09115 01547 04718 01872 07245 04511 01157 05778 07859 05970 07055 05548 04853 05398 09845 04589 08986 08697 09709 00958 05822 02259 05947 04714 01477 07730 03050 05020 02017 01769 06964 06427 02721 02106 00662 06285 08543 04396 09688 08812 01299 09985 08544 04427 02720 02080 08013 01311 01161 06108 00802 00216 01619 01911 01137 03731 03122 02203 00347 04745 04593 09358 05840 04099 09972 07238 03811 01191 09158 05829 02963 06366 06688 08865 06508 00834 03451 05175 07516 01671 07102 00261 06148 04844 04445
Row  15: 04565 06511 01125 02585 08514 01477 07717 01733 03328 02881 08134 03405 00534 03455 05542 04254 05489 08971 07131 03178 07865 06528 02802 00296 09605 00509 00990 09036 03619 01912 01271 07170 07022 02260 06058 05842 04279 07940 04045 04553 05398 09892 09275 07521 02192 09276 07649 04904 00406 00673 07305 00509 00992 09268 06884 08437 03735 03549 04984 08491 09179 07984 08493 09352 05225 02567 06717 01707 00792 09234 03461 06116 01662 06280 08090 09043 04396 09627 02790 09016 01682 08244 04481 08144 04481 08118 01809 00908 00879 07908 00809 00978 07819 01955 05577 07796 09671 07142 04278 07808
Row  16: 00854 05406 00670 07068 06829 02905 00580 08032 03291 09166 06653 05374 07460 06085 08596 09606 00643 04323 02350 05028 02872 07215 01576 07604 00475 07540 04007 00703 00341 04124 02451 05194 09408 00811 01133 03391 09159 05980 08087 08716 01614 01432 03223 02368 06823 02399 09909 00984 08446 04689 08943 04309 00910 01091 09176 07660 06046 04654 05467 06710 01082 08218 01857 05775 07559 05913 01342 04201 00147 04732 03263 06376 07681 08110 01070 07047 04741 04100 00067 06713 01311 01178 07837 03716 01618 01819 01927 02714 01421 02170 07092 09270 07030 03026 02663 06340 04052 05265 06574 07414
Row  17: 01421 02173 07389 08962 06252 05290 09076 07612 01252 05234 03463 06301 00127 02760 06010 01017 01793 09389 08998 09863 06383 08315 01530 03028 02890 09020 02057 05753 05322 02219 01970 07084 08489 08990 09066 06610 01015 01524 02496 09658 05832 03254 05489 08928 02837 03743 04398 09877 07774 07478 07814 01439 03975 07595 09518 01818 01876 07671 07134 03446 04639 03932 03292 09204 00485 08558 05825 02599 09965 06574 07453 05370 07007 00715 01542 04274 07428 02825 02574 07440 04026 02654 05457 05758 05829 02961 06190 09025 02548 04832 03238 03844 04425 02535 03583 08389 08935 03501 00136 03663
Row  18: 06383 08367 06709 00990 09034 03473 07359 05952 05277 07715 01508 00868 06835 03549 04998 09875 07501 00194 09464 06476 07688 08893 09380 08042 04215 01522 02262 06269 06905 00516 01631 03125 02566 06678 07878 07841 04110 01073 07321 02199 09999 09992 09260 06098 09884 08462 06264 06407 00794 09423 02341 04101 00174 07437 03768 06877 07785 08550 05067 06786 08616 01622 02265 06563 06327 02719 01985 08510 01098 09800 00092 09277 07713 01372 07253 05359 05941 04123 02331 03127 02707 00732 03262 06271 07181 08114 01412 01235 03505 00523 02392 09277 07717 01712 01203 00347 04771 07119 01922 02284
Row  19: 08405 00569 06901 00146 04626 02661 06163 06399 09957 05723 02348 04812 01275 07595 09512 01258 05851 05167 06767 06729 02934 03490 09030 03046 04688 08899 09955 05537 03765 06547 04791 09191 09127 02749 04916 01600 00058 05806 00628 02839 03928 02891 09198 09889 08992 09224 02425 02597 09765 06563 06393 09303 00358 05860 06095 09565 06528 02898 09883 08335 03573 07364 06409 00917 01729 02990 09044 04457 05762 06272 07262 06275 07528 02871 07139 03999 09999 09906 00665 06510 01089 08989 08969 06941 04140 04040 04049 04991 09198 09832 03266 06656 05628 02850 05090 09034 03482 08295 09589 08972
Row  20: 07297 09716 01693 09358 05849 04950 05071 07155 05593 09369 06915 01516 01678 07813 01375 07503 00353 05302 00200 00001 00130 03047 04736 03643 04363 06372 07223 02312 01207 00799 09999 09940 04057 05708 00807 00739 03906 00617 01720 02084 08453 05351 05128 02844 04494 09480 08082 08292 09290 09023 02364 06464 06460 06022 02259 05955 05551 05175 07501 00169 06938 03835 03503 00399 09966 06679 07993 09346 04638 03805 00513 01396 09609 00971 07154 05461 06123 02398 09802 00235 03538 03837 03767 06738 03855 05511 01166 06659 05945 04523 02342 04276 07647 04769 06985 08593 09305 00519 01930 03038
Row  21: 03873 07319 01932 03215 01568 06873 07352 05296 09696 09672 07248 04842 04277 07783 08343 04344 04488 08821 02108 00853 05343 04364 06496 09663 06310 01013 01333 03346 04611 01137 03772 07293 09304 00439 03983 08397 09739 03944 04426 02616 01668 06892 09262 06228 02835 03595 09565 06545 04504 00437 03734 03428 02810 01085 08556 05687 08778 07817 01751 05137 03703 00365 06573 07390 09058 05867 06709 00907 00733 03331 03132 03279 07968 06806 00662 06235 03567 06767 06710 01015 01576 07620 02054 05478 07895 09557 05763 06382 08221 02143 04389 08960 06062 06285 08554 05463 06386 08631 03140 04093
Row  22: 09311 01162 06200 00053 05314 01486 08685 08536 03651 05124 02403 00325 02556 05691 09132 03213 01387 08779 07905 00530 03062 06280 08004 00409 00956 05637 03794 09484 08423 02341 04168 06804 00444 04484 08425 02549 04972 07219 01914 01483 08316 01695 09579 07991 09181 08133 03333 03371 07182 08240 04015 01539 03918 01858 05852 05248 04813 01316 01652 05223 02318 01825 02584 08492 09217 01789 08966 06663 06319 01975 07513 01339 03902 00262 06240 04034 03414 01472 07282 08211 01181 08147 04752 05283 08333 03315 01510 01014 01404 00457 05715 01558 05806 00667 06797 09728 02889 08952 05246 04636
Row  23: 03648 04830 03070 07027 02729 02932 03296 09635 03532 03228 02886 08675 07565 06502 00258 05803 00334 03467 06718 01856 05640 04020 02092 09281 08177 07735 03550 05075 07524 02423 02309 00923 02344 04417 01715 01533 03370 07090 09097 09783 08311 01145 04555 05562 06268 06845 04568 06895 09518 01885 08508 00831 03180 08013 01330 03037 03761 06162 06248 04864 06455 05581 08108 00874 07434 03401 00173 07326 02659 05925 02570 07062 06208 00881 08193 09390 09094 09461 06183 08333 03389 08900 00006 00607 00703 00376 07675 07513 01308 00821 02186 08655 05578 07829 02940 04079 07949 04910 01014 01446
Row  24: 04681 08139 03962 06224 02495 09594 09457 05771 07189 08934 03483 08392 09203 00364 06438 03853 05362 06278 07810 01011 01126 02606 00668 06827 02700 00014 01443 04380 08032 03226 02696 09661 06138 03877 07753 05307 00790 09021 02115 01515 01504 00477 07735 03598 09813 01327 02744 04424 02486 08646 04662 06205 00525 02543 04315 01510 01034 03463 06303 00313 01316 01672 07287 08750 05049 04999 09943 04323 02363 06394 09485 08507 00750 05021 02190 09027 02728 02855 05554 05463 06314 01495 09508 00847 04739 03992 09224 02479 07955 05591 09166 06697 09700 00082 08237 03734 03497 09790 09031 03162
Row  25: 06264 06467 06773 07395 09515 01552 05276 07620 02075 07556 05692 09229 02994 09447 04772 07214 01428 02894 09426 02672 07272 07236 03622 02292 09247 04728 02867 06770 07096 09690 09009 00997 09773 07315 01568 06805 00516 01674 07433 03368 06811 01196 09600 00073 07395 09537 03782 08245 04509 00953 05341 04112 01280 08044 04477 07791 09159 05928 02868 06820 02013 01306 00654 05494 09444 04430 03018 01848 04821 02134 03414 01418 01834 03457 05788 08861 06127 02755 05537 03729 02931 03112 01250 05033 03382 08210 01067 06700 00046 04648 04850 05072 07200 00052 05242 04262 06268 06883 08392 09262
Row  26: 06201 00174 07469 06961 06118 01866 06698 09834 03409 00955 05590 09046 04621 02197 09743 04330 03059 05906 00669 06964 06483 08320 02027 02710 01014 01451 05168 06810 01022 02227 02738 03877 07768 06800 00073 07331 03151 05138 03813 01375 07566 06693 09322 02258 05867 06734 03426 02609 00939 03963 06390 09032 03225 02569 06923 02325 02577 07743 04380 08046 04608 00892 09268 06803 00379 07992 09274 07439 03954 05446 04645 04582 08276 07612 01207 00797 09795 09543 04383 08315 01572 07258 05892 09219 01930 03043 04396 09641 04106 00687 08759 05950 05046 04641 04182 08271 07123 02330 03014 01492
Row  27: 09226 02645 04592 09221 02160 06064 06434 03413 01394 09465 06520 02078 07832 03273 07320 02011 01152 05289 08905 00588 08824 02466 06600 00099 09968 06832 03204 00433 03394 09401 00158 05839 03959 05925 02589 08981 08122 02226 02635 03556 05657 05784 08483 08356 05667 06771 07169 06942 04247 04750 05006 00619 01984 08458 05896 09611 01192 09245 04503 00328 02844 04487 08744 04412 01202 00290 09074 07457 05718 01850 05000 00049 04972 07292 09207 00781 08134 03461 06115 01539 03927 02746 04630 03081 08195 09582 08254 05499 09900 00081 08153 05364 06457 05710 01096 09623 02351 05123 02387 08743
Row  28: 04361 06145 04596 09622 02272 07298 09879 07978 07845 04508 00824 02447 04774 07491 09106 00622 02265 06553 05306 00647 04723 02346 04671 07109 00978 07855 05565 06576 07627 02734 03457 05730 03027 02793 09302 00222 02203 00305 00536 03622 02234 03407 00770 07046 04691 09154 05424 02452 05237 03741 04157 05736 03650 05018 01893 09326 02628 02892 09223 02396 09628 02806 00618 01826 02643 04380 08009 00900 00015 01501 00163 06340 04006 00683 08383 08370 07079 07980 08048 04816 01655 05596 09611 01180 08009 00961 06195 09591 09106 00675 07511 01198 09889 08993 09372 07228 02836 03692 09262 06260
Row  29: 06022 02256 05657 05767 06712 01222 02246 04615 01591 09188 08880 08008 00877 07723 02382 08221 02138 03840 04095 09521 02122 02291 09134 03450 05028 02849 04963 06356 05609 00977 07704 00450 05019 01963 06323 02351 05195 09509 00946 04611 01100 00083 08397 09749 04913 01315 01584 08496 09621 02155 05599 09969 06946 04668 06897 09745 04556 05696 09686 08637 03740 04019 01956 05604 00419 01992 09215 01569 06991 09134 03403 00338 03857 05780 08022 02236 03605 00533 03327 02759 05943 04321 02124 02445 04569 06956 05681 08183 08346 04686 08685 08574 07433 03351 05149 04974 07460 06075 07573 07386
Row  30: 08615 01516 01617 01732 03264 06421 02164 06445 04505 00534 03422 02293 09391 09112 01213 01311 01115 01599 09989 08932 03293 09324 02483 08327 02787 08799 09908 00850 05087 08709 00976 07633 03350 05022 02211 01167 06730 03014 01437 03709 00969 06995 09500 00001 00113 01332 03231 03159 05907 00700 00018 01831 03174 07469 06951 05106 00621 02113 01333 03304 00419 01917 01740 04076 07686 08610 01094 09446 04673 07373 07327 02704 00459 05952 05265 06544 04435 03569 06933 03301 00150 05064 06458 05840 04008 00820 02055 05506 00655 05504 00444 04499 09974 07482 08211 01177 07787 08763 06391 09163
Row  31: 06311 01103 00395 09556 05649 04916 01660 06072 07288 08899 09917 01782 08238 03816 01658 05815 01500 00076 07693 09352 05216 01615 01527 02712 01201 00159 05982 08216 01698 09890 09035 03581 08111 01128 02815 01541 04180 08049 04912 01265 06573 07315 01561 06196 09639 03995 09509 00939 03988 08849 04904 00497 09775 07568 06870 07058 05825 02541 04164 06444 04475 07570 07069 06943 04314 01482 08295 09568 06810 01024 02473 07308 00894 09479 07930 03083 08395 09552 05276 07674 07492 09223 02322 02202 00202 00210 01080 08093 09340 04055 05567 06793 09312 01222 02240 04013 01386 08671 07122 02259
Row  32: 05921 02191 09108 00884 08444 04477 07701 00119 01967 06720 02046 04682 08203 00350 05096 09602 00270 07051 05161 06116 01695 09552 05241 04101 00156 05601 00134 03438 03896 09657 05773 07314 01431 03123 02388 08839 03916 01683 08304 00447 04774 07402 00294 09436 03698 09857 05712 01272 07298 09806 00633 03389 08905 00551 05141 04145 04591 09157 05793 09354 05479 07996 09626 02692 09241 04129 02973 07346 04697 09770 07031 03108 00868 06864 06487 08775 07512 01293 09378 07881 08130 03030 03019 01987 08799 09955 05590 09045 04505 00574 07452 05255 05533 03391 09133 03321 02190 09006 00659 05906
Row  33: 00611 01189 08951 05133 03343 04311 01149 04985 08504 00481 08113 01395 09516 01628 02861 06183 08362 06298 09841 04161 06184 08451 05150 05021 02168 06881 08175 07568 06828 02860 06045 04593 09359 05926 02681 08123 02325 02554 05449 04918 01876 07619 01934 03421 02132 03228 02836 03675 07507 00741 04118 01841 04124 02420 02025 02571 07119 01956 05665 06547 04736 03640 04076 07661 06156 05655 05574 07443 04319 01949 04992 09207 00782 08234 03457 05779 07948 04809 00902 00262 06263 06396 09678 07844 04451 05144 04465 06549 04956 05629 02908 00858 05818 01803 00302 00219 01972 07264 06400 00030
Row  34: 03040 04097 09734 03464 06400 00074 07473 07388 08821 02194 09492 09272 07223 02379 07900 00082 08233 03328 02837 03742 04292 09253 05356 05634 03455 05562 06278 07871 07118 01831 03179 07953 05314 01420 02091 09179 07996 09623 02374 07469 06993 09317 01730 03073 07310 01034 03439 03966 06656 05607 00764 06424 02409 00915 01509 00966 06686 08606 00690 09062 06269 06920 02062 06283 08357 05750 05030 03035 03599 09917 01712 01281 08136 03682 08236 03688 08806 00631 03177 07779 07984 08453 05343 04346 04601 00110 01052 05231 03191 09131 03143 04325 02575 07501 00120 02023 02314 01499 09993 09308
Row  35: 00887 08735 03544 04453 05361 06140 04066 06634 03465 06598 09870 07064 06484 08474 07427 02758 05852 05233 03341 04168 06840 04000 00032 03291 09132 03276 07659 05918 01885 08518 01828 02800 00093 09327 02756 05638 03849 04938 03855 05512 01280 08002 00255 05554 05489 08977 07702 00294 09412 01238 03857 05759 05908 00811 01149 04946 04614 01407 00727 02716 01647 04793 09334 03440 04005 00529 02966 06609 00989 08977 07710 01019 01933 03383 08313 01352 05240 04049 04930 03022 02265 06579 07978 07826 02663 06325 02506 00618 01885 08504 00403 00324 02431 03141 04188 08819 01974 07449 04924 02403
Row  36: 00318 01844 04498 09823 02333 03324 02471 07108 00859 05998 09892 09275 07598 09856 05678 07828 02833 03375 07586 08631 03187 08728 02819 01906 00682 08287 08786 08645 04575 07545 04527 02725 02503 00317 01707 00723 02390 09003 00333 03390 09064 06481 08140 04019 01939 03972 07293 09369 06989 08933 03369 06972 07201 00196 09694 09431 03103 00372 07242 04217 01767 06748 04879 07971 07121 02106 00699 09920 02051 05169 06969 06997 09738 03817 01735 03597 09742 04267 06786 08652 05267 06787 08758 05868 06888 08837 03747 04793 09347 04782 08283 08324 02479 07945 04516 01681 08197 09742 04239 03918
Row  37: 01861 06143 04316 01615 01506 00648 04836 03662 06233 03332 03214 01458 05843 04345 04593 09360 06086 08606 00655 05567 06733 03355 05502 00256 05641 04167 06700 00006 00651 05136 03655 05559 05912 01282 08244 04421 02109 00990 09039 03906 00634 03458 05866 06617 01744 04435 03518 01853 05334 03424 02422 02219 01978 07861 06191 09143 04387 08742 04212 01215 01510 01086 08697 09782 08277 07776 07610 01001 00160 06041 04113 01332 03210 01080 08068 06879 07902 00217 01749 04992 09257 05725 02516 01665 06588 08860 06044 04454 05440 04046 04634 03413 01317 01748 04800 00000 00051 05196 09659 05924
Row  38: 02465 06533 03317 01716 01657 05726 02613 01378 07889 08903 00383 08352 05274 07437 03708 00871 07116 01688 08856 05696 09664 06484 08494 09495 09517 01733 03374 07407 00778 07819 01903 00300 00098 09875 07538 03841 04173 07347 04701 00144 04449 04901 00138 03826 02660 06099 09938 03868 06811 01164 06469 06994 09497 09725 02555 05557 05725 02569 06940 04094 09456 05678 07889 08974 07434 03488 08839 03920 02078 07879 07918 01805 00546 04665 06532 03242 04242 04257 05753 05392 09284 08461 06174 07417 01761 06119 01907 00716 01673 07362 06283 08356 05611 01110 01089 08915 01579 07933 03331 03152
Row  39: 05214 01491 09144 04473 07387 08756 05603 00369 06904 00473 07370 07085 08545 04599 09976 07645 04563 06351 05150 05033 03324 02456 05683 08308 00883 08343 04368 06812 01254 05424 02426 02653 05396 09644 04450 05002 00236 03644 04444 04444 04474 07472 07290 09093 09345 04552 05205 00516 01641 04152 05234 03466 06693 09340 04088 08811 01186 08629 02995 09581 08165 06512 01234 03441 04165 06505 00591 09117 01709 00921 02113 01386 08639 03912 01261 06108 00855 05531 03162 06289 08905 00515 01597 09745 04570 07019 01939 03908 00863 06362 06293 09301 00190 09021 02168 06890 09002 00241 04135 03547
Row  40: 04796 09693 09327 02735 03578 07847 04705 00518 01873 07371 07188 08803 00369 06921 02118 01866 06645 04540 04094 09424 02480 08054 05420 02096 09652 05290 09090 09071 07148 04849 04919 01926 02666 06676 07645 04513 01333 03398 09856 05691 09143 04345 04529 02942 04275 07512 01219 01963 06330 03048 04811 01109 00999 09939 03971 07153 05315 01578 07865 06576 07640 04002 00214 01428 02865 06508 00889 08960 06043 04375 07555 05582 08285 08555 05589 08925 02552 05208 00809 00973 07319 01975 07560 06094 09419 01985 08594 09405 00589 08994 09474 07490 09041 04114 01444 04435 03566 06645 04516 01689
Row  41: 08911 01151 05157 05701 00146 04623 02332 03230 03069 06907 00771 07145 04560 06004 00457 05723 02386 08640 04067 06724 02400 00064 06403 00377 07786 08626 02652 05238 03824 02403 00317 01731 03121 02175 07577 07791 09149 04982 08214 01459 05935 03544 04441 04148 04860 06080 08082 08243 04372 07239 03927 02763 06313 01355 05572 07295 09574 07419 01961 06190 09041 04130 03002 00236 03659 05979 07995 09538 03843 04313 01383 08367 06718 01819 01930 03070 07035 03506 00643 04348 04834 03470 07019 01989 08912 01228 02877 07722 02280 08069 06930 03079 07960 06011 01127 02761 06161 06127 02739 03931
Row  42: 03115 01584 08457 05708 00853 05303 00311 01163 06377 07780 08035 03587 08743 04304 00450 05075 07517 01700 00066 06609 00989 08907 00759 05970 07028 02848 04807 00730 03048 04896 09673 07330 03035 03531 03117 01718 01842 04291 09167 06734 03442 04253 05379 07938 03813 01350 05034 03487 08712 01245 04548 04852 05232 03251 05110 01067 06792 09252 05285 08510 01025 02537 03709 00916 01688 08835 03524 02458 05898 09825 02551 05150 05054 05438 03850 05097 09751 05126 02697 09789 08994 09420 02044 04497 09752 05257 05707 00728 02829 02945 04593 09380 08065 06532 03272 07264 06482 08288 08841 04148
Row  43: 04805 00522 02221 02130 03010 01065 06572 07245 04507 00741 04119 01945 04516 01672 07227 02783 08301 00141 04194 09443 04361 06155 05513 01399 09960 06014 01459 05934 03488 08801 00143 04379 07983 08344 04460 06072 07240 04066 06656 05622 02251 05142 04251 05152 05274 07477 07701 00119 01902 00280 08083 08392 09284 08444 04461 06175 07545 04572 07298 09897 09786 08602 00228 02867 06770 07066 06642 04259 05992 09270 07038 03810 01039 03977 07707 00705 00518 01810 01038 03823 02317 01715 01535 03565 06554 05458 05823 02384 08472 07242 04270 07002 00243 04357 05706 00603 00362 06241 04146 04657
Row  44: 05718 01884 08481 08134 03485 08583 08374 07498 09878 07801 00134 03459 05962 06286 08664 06431 03106 00618 01832 03299 09979 07940 04026 02623 02386 08622 02224 02456 05691 09139 03984 08473 07386 08625 02509 00944 04440 04096 09687 08754 05483 08353 05314 01465 06534 03406 00629 02968 06851 05173 07338 03849 04992 09260 06085 08579 07959 05948 04815 01597 09735 03536 03650 05014 01470 07087 08799 09957 05765 06582 08201 00176 07644 04480 08094 09467 06755 05525 02537 03786 08692 09283 08317 01765 06555 05564 06446 04600 00035 03554 05484 08400 00053 05336 03612 01220 02058 05805 00585 08569
Row  45: 06976 07676 07648 04825 02548 04802 00265 06599 09910 01087 08763 06392 09216 01641 04120 02053 05323 02328 02857 05732 03202 00282 08237 03722 02218 01885 08504 00464 06498 09853 05386 08609 00919 01912 01256 05648 04893 09379 07988 08898 09802 00243 04370 07085 08573 07376 07635 03543 04341 04186 08694 09440 04039 03905 00552 05205 00565 06522 02287 08763 06380 08047 04758 05889 08986 08601 00155 05582 08268 06883 08334 03456 05641 04173 07303 00366 06604 00460 06088 08851 05183 08386 08617 01768 06875 07598 09869 06963 06396 09639 03925 02504 00421 02139 03913 01352 05222 02295 09517 01779
Row  46: 07966 06678 07879 07907 00754 05450 05026 02658 05839 03976 07695 09595 09591 09131 03144 04403 00352 05291 09186 08641 04146 04613 01337 03709 00977 07754 05469 06971 07135 03503 00351 05163 06376 07664 06410 01089 08906 00674 07431 03168 06827 02788 08855 05539 03906 00605 00567 06717 01721 02158 05846 04675 07511 01133 03343 04344 04422 02292 09276 07684 08424 02400 00089 08999 09981 08141 04140 04076 07631 03141 04152 05235 03546 04623 02381 08191 09161 06149 04990 09014 01406 00613 01300 00000 00045 04589 08943 04397 09728 02862 06276 07613 01362 06213 01338 03876 07619 01914 01420 02043
Row  47: 04368 06835 03559 05902 00236 03637 03776 07695 09541 04161 06189 08932 03235 03572 07246 04631 03196 09609 00919 01957 05704 00491 09115 01591 09139 03987 08717 01721 02169 06936 03661 06128 02887 08759 05948 04886 08644 04422 02222 02295 09592 09203 00376 07656 05699 09908 00852 05241 04192 09256 05662 06277 07726 02620 02069 06935 03528 02897 09784 08412 01257 05791 09151 05139 03980 08008 00826 02694 09426 02649 04952 05272 07293 09395 09590 09009 00930 03022 02212 01276 07684 08400 00076 07671 07124 02434 03409 00955 05575 07530 03004 00458 05852 05239 03997 09748 04829 02997 09738 03851
Row  48: 05169 06923 02310 01035 03533 03360 06008 00865 06527 02793 09338 03891 09152 05258 05835 03556 05637 03740 04005 00562 06271 07171 07174 07449 04943 04302 00286 08669 06906 00668 06899 09989 08926 02620 02005 00532 03266 06643 04354 05473 07318 01859 05911 01115 01560 06044 04432 03254 05406 00655 05552 05273 07371 07153 05357 05743 04371 07170 07042 04248 04867 06744 04445 04569 06911 01163 06389 08952 05210 01071 07168 06848 04870 07024 02450 05044 04407 00787 08750 05008 00894 09422 02261 06159 05957 05717 01777 07782 08246 04628 02851 05167 06702 00282 08298 09836 03632 03238 03858 05838
Row  49: 03832 03219 01912 01266 06650 05032 03288 08868 06802 00274 07490 09063 06321 02144 04453 05348 04811 01123 02344 04407 00791 09172 07299 09961 06109 00930 03032 03247 04755 05541 04164 06401 00109 00946 04663 06394 09405 00548 04820 02055 05526 02617 01722 02271 07169 06914 01439 03913 01306 00634 03439 03931 03195 09585 08582 08275 07504 00459 05916 01603 00375 07567 06799 09952 05242 04203 00373 07356 05635 03576 07653 05344 04404 00461 06148 04853 05307 00754 05417 01711 01146 04699 09954 05485 08529 02979 07971 07137 03735 03506 00646 04638 03802 00257 05702 00222 02212 01245 04548 04810
Row  50: 01025 02599 09987 08723 02338 03819 01914 01484 08478 07809 00967 06738 03843 04351 05159 05963 06383 08335 03563 06357 05766 06661 06164 06474 07429 02966 06628 02861 06198 09848 04890 09039 03952 05295 09598 09812 01288 08814 01425 02597 09743 04363 06320 02078 07811 01181 08138 03865 06506 00621 02191 09190 09008 00810 01029 02931 03198 09891 09157 05714 01455 05583 08325 02513 01322 02208 00856 05657 05728 02895 09596 09676 07627 02742 04252 05262 06236 03605 00556 05687 08743 04315 01581 08189 08978 07821 02187 08770 07083 08369 06946 04663 06371 07180 08088 08816 01634 03407 00787 08777
Row  51: 07792 09256 05698 09801 00159 05966 06645 04551 05148 04896 09686 08631 03131 03194 09459 05988 08855 05574 07471 07134 03408 00867 06722 02241 04197 09792 09287 08720 02078 07872 07259 05994 09442 04253 05316 01647 04709 00944 04438 03821 02138 03863 06399 09962 06220 02020 02043 04332 03204 00472 07254 05403 00305 00545 04559 05927 02728 02855 05523 02367 06753 05346 04629 02945 04592 09221 02195 09528 02873 07346 04619 01942 04260 06094 09479 07929 02967 06766 06612 01214 01414 01443 04327 02744 04491 09144 04454 05414 01498 09841 04132 03254 05410 01066 06621 02145 04551 05180 08078 07828
Row  52: 02897 09705 00507 00724 02480 08051 05188 08864 06496 09610 01079 07956 05603 00398 09893 09398 09840 04052 05242 04218 01857 05788 08833 03363 06316 01656 05699 09922 02224 02415 01555 05570 07086 08658 05899 09955 05575 07515 01581 08130 03067 06790 09094 09401 00171 07191 09166 06666 06672 07214 01425 02536 03692 09278 07871 07159 05989 08904 00447 04700 00088 08864 06499 09970 07030 03022 02240 04032 03299 09913 01303 00367 06726 02684 08413 01309 00995 09516 01629 02909 00947 04762 06220 02097 09789 08938 03840 04009 00902 00268 06885 08509 00905 00573 07398 09893 09370 07073 07388 08826
Row  53: 02647 04715 01567 06788 08845 04511 01143 04359 05924 02492 09236 03642 04299 09948 04891 09102 00250 05046 04604 00444 04487 08761 06183 08399 09927 02797 09749 04997 09790 09051 05167 06701 00165 06524 02491 09146 04636 03641 04104 00402 00277 07791 09158 05807 00796 09697 09737 03728 02895 09598 09859 05961 06122 02244 04467 06702 00262 06214 01484 08488 08838 03885 08530 03080 08014 01463 06321 02104 00463 06369 06992 09257 05700 00066 06660 06063 06304 00467 06766 06626 02643 04368 06804 00476 07662 06201 00176 07659 05904 00486 08616 01696 09695 09584 08410 01006 00648 04827 02762 06297
Row  54: 09769 06955 05512 01211 01105 00591 09128 02882 08246 04604 00433 03324 02405 00555 05564 06465 06532 03233 03313 01350 05084 08439 03958 05857 05752 05254 05469 06938 03895 09509 00940 04010 01084 08491 09157 05726 02642 04245 04560 06040 04024 02471 07167 06760 06030 03037 03762 06205 00517 01777 07741 04196 09641 04189 08919 01985 08563 06379 07972 07297 09774 07412 01214 01453 05359 05956 05691 09183 08399 09967 06773 07306 00605 00547 04719 01904 00412 01283 08352 05272 07256 05662 06211 01113 01303 00349 04922 02267 06742 04294 09401 00108 00826 02671 07117 01779 07930 03071 07172 07253
Row  55: 05309 00959 05977 07762 06254 05493 09356 05646 04652 05202 00205 00510 01067 06781 08189 08978 07823 02399 09995 09549 04989 08988 08892 09285 08573 07395 09595 09557 05753 05361 06117 01706 00616 01654 05402 00292 09282 08245 04590 09082 08232 03231 03158 05896 09610 01089 08911 01142 04249 04942 04286 08693 09346 04638 03894 09445 04525 02500 00073 07390 09026 02683 08357 05721 02104 00499 09937 03785 08531 03124 02456 05684 08492 09242 04250 05063 06338 03868 06898 09864 06422 02228 02894 09411 01161 06139 03934 03427 02748 04813 01329 02905 00577 07796 09616 01641 04182 08282 08232 03274
Row  56: 07417 01724 02439 03984 08442 04255 05567 06725 02506 00614 01464 06428 02878 07809 00927 02794 09475 07503 00361 06162 06242 04224 02414 01411 01178 07851 05169 06932 03212 01244 04435 03542 04210 01086 08601 00138 03860 06039 03931 03182 08220 02060 06010 01035 03550 05018 01840 04066 06681 08133 03305 00507 00795 09560 06047 04799 09901 00124 02464 06498 09840 04091 09123 02328 02899 09933 03318 01870 07089 08902 00270 07042 04293 09344 04438 03829 02976 07677 07723 02350 05024 02465 06512 01210 01078 07854 05431 03190 09048 04862 06212 01202 00262 06232 03219 01972 07269 06975 07579 07995
Row  57: 09551 05181 08106 00613 01340 04019 01987 08740 04062 06208 00861 06175 07576 07614 01450 05028 02889 08915 01545 04581 08147 04776 07656 05652 05268 06859 05904 00495 09516 01628 02899 09997 09784 08462 06223 02302 00288 08868 06892 09263 06397 09762 06250 05037 03799 09998 09889 08925 02562 06220 02056 05640 04031 03140 04049 04929 02977 07762 06243 04387 08755 05597 09774 07421 02143 04398 09887 08730 03086 08618 01835 03565 06505 00502 00277 07701 00157 05720 02071 07167 06702 00246 04605 00570 07010 01030 03032 03265 06588 08803 00346 04691 09167 06764 06480 08092 09242 04220 02091 09136
Row  58: 03650 05031 03198 09875 07521 02112 01260 06068 06831 03196 09694 09445 04597 09793 09359 05952 05221 02105 00550 05091 09113 01368 06836 03652 05201 00103 00386 08677 07732 03271 07176 07620 02050 05053 05387 08759 05901 00162 06230 03079 07932 03259 05926 02676 07655 05540 04071 07131 03166 06675 07548 04884 08452 05235 03515 01539 03965 06540 04089 08920 02074 07483 08307 00743 04389 08929 02957 05764 06487 08747 04772 07255 05509 00979 07980 08005 00581 08183 08369 06932 03222 02264 06439 03961 06136 03615 01593 09355 05527 02752 05270 07005 00553 05394 09417 01729 02931 03197 09712 01299
Row  59: 09961 06109 00915 01566 06624 02412 01271 07146 04602 00227 02723 02383 08350 05034 03490 09012 01283 08320 02000 00015 01573 07391 09133 03371 07148 04878 07895 09566 06652 05274 07403 00351 05140 04075 07546 04686 08654 05410 01041 04159 05947 04790 09037 03718 01870 07044 04408 00813 01317 01784 08479 07983 08357 05710 01039 03983 08393 09349 04920 02022 02279 07914 01494 09459 05940 04003 00305 00574 07498 09864 06405 00522 02297 09732 03295 09572 07223 02376 07602 00243 04303 00379 07962 06222 02208 00836 03621 02143 04392 09257 05752 05222 02222 02252 05297 09706 00615 01509 00979 07987
Row  60: 08798 09881 08166 06623 02354 05410 01011 01118 01895 09518 01875 07513 01359 05995 09562 06248 04867 06752 05230 03038 03819 01935 03509 00932 03287 08779 07958 05885 08573 07385 08537 03739 03981 08181 08176 07642 04214 01435 03504 00491 09199 09909 00972 07267 06711 01136 03653 05366 06679 07977 07725 02503 00360 06030 03087 08792 09231 03184 08470 07083 08326 02620 02077 07710 01014 01460 06033 03351 05178 07862 06235 03506 00622 02279 07902 00284 08481 08198 09884 08498 09831 03196 09660 06060 06058 05837 03731 03196 09688 08849 04963 06398 09899 09986 08636 03635 03563 06308 00800 00027
Row  61: 02756 05601 00130 03018 01839 03976 07648 04821 02137 03755 05578 07826 02693 09396 09653 05309 00919 01929 02908 00847 04782 08299 09949 04972 07277 07743 04387 08717 01751 05139 03963 06330 03061 06135 03564 06401 00133 03333 03351 05180 08037 03780 08036 03650 05072 07214 01405 00520 02032 03286 08655 05519 01980 08053 05328 02833 03381 08183 08318 01878 07849 04904 00450 05039 03924 02493 09315 01594 09423 02326 02677 07734 03429 02963 06358 05817 01723 02380 08006 00629 02972 07270 07035 03533 03307 00747 04799 09911 01139 03964 06476 07602 00201 00121 02149 04961 06184 08481 08111 01119
Row  62: 01973 07362 06245 04543 04321 02136 03689 08928 02879 07978 07859 05966 06678 07850 05016 01679 07917 01750 05098 09812 01202 00280 08079 07982 08217 01795 09538 03807 00787 08768 06873 07321 02175 07541 04179 07991 09122 02233 03358 05830 03058 05845 04552 05238 03875 07572 07235 03596 09690 09069 06981 08152 05201 00132 03263 06357 05750 05000 00047 04762 06299 09970 07007 00785 08537 03762 06226 02609 00988 08815 01598 09868 06829 02981 08138 03819 01996 09635 03591 09165 06505 00555 05593 09345 04551 05181 08106 00625 02544 04478 07893 09301 00108 00801 00104 00423 02386 08646 04613 01359
Row  63: 05990 09016 01603 00347 04793 09301 00119 01911 01142 04280 08045 04548 04859 05905 00554 05454 05457 05767 06723 02363 06359 05962 06215 01585 08578 07843 04321 02175 07592 09242 04201 00100 00018 01873 07357 05779 07954 05482 08216 01637 03773 07387 08738 03869 06964 06415 01523 02336 03683 08321 02143 04308 00850 05016 01618 01822 02257 05790 09085 08542 04293 09308 00878 07839 03966 06613 01370 07069 06965 06523 02303 00353 05342 04215 01529 02993 09380 08004 00485 08574 07438 03874 07478 07808 00874 07464 06416 01677 07701 00163 06342 04210 01015 01570 07097 09769 06990 09072 07263 06346
Row  64: 04684 08466 06678 07801 00170 07042 04284 08474 07407 00732 03244 04415 01521 02196 09678 07897 09731 03181 08196 09692 09267 06743 04392 09286 08610 01051 05138 03819 01909 00907 00780 08009 00984 08457 05770 07028 02811 01161 06110 01078 07834 03471 07169 06984 08497 09788 08839 03936 03626 02654 05424 02494 09483 08330 03079 07960 06032 03225 02566 06657 05731 03129 02911 01156 05638 03897 09720 02090 09075 07545 04518 01887 08791 09169 06974 07496 09666 06612 01288 08836 03604 00476 07689 08976 07603 00374 07475 07537 03735 03530 03051 05159 05952 05277 07796 09667 06789 08903 00357 05779
Row  65: 07964 06499 09916 01667 06750 05075 07598 09820 02080 08033 03303 00368 06814 01476 07613 01341 04139 03947 04749 04977 07703 00387 08714 01439 03916 01664 06426 02618 01867 06770 07093 09361 06137 03752 05252 05283 08390 09048 04838 03890 09011 01157 05794 09484 08413 01349 04980 08065 06542 04241 04171 07174 07403 00365 06582 08220 02095 09536 03689 08975 07504 00484 08408 00853 05324 02446 04657 05794 09441 04119 01975 07554 05415 01578 07820 02047 04727 02703 00356 05671 07132 03280 08019 01918 01874 07459 05907 00795 09588 08882 08236 03673 07393 09323 02345 04593 09385 08568 06861 06153
Row  66: 05327 02762 06207 00788 08833 03313 01387 08787 08714 01444 04437 03791 09143 04303 00349 04960 06016 01694 09404 00482 08265 06534 03475 07579 07920 02045 04578 07854 05483 08314 01450 05000 00093 09345 04506 00631 03159 05987 08791 09152 05211 01160 06034 03483 08361 06191 09152 05285 08538 03819 01986 08663 06337 03738 03815 01548 04805 00506 00635 03599 09979 07976 07649 04902 00275 07510 01052 05225 02531 03144 04471 07172 07267 06722 02257 05773 07385 08576 07665 06531 03120 02004 00421 02172 07238 03835 03545 04502 00245 04538 03895 09563 06372 07280 08099 09969 06971 07106 00620 02090
Row  67: 09086 08658 05865 06591 09143 04339 03922 02222 02279 07960 06051 05115 01569 06922 02277 07768 06824 02494 09419 01935 03598 09803 00300 00010 01047 04711 01150 05074 07468 06886 08687 08764 06476 07676 07648 04838 03871 07184 08443 04365 06503 00345 04582 08219 01950 05089 08963 06306 00651 05109 00929 02961 06127 02710 01082 08270 07089 08936 03640 04022 02268 06827 02733 03347 04702 00266 06643 04322 02212 01237 03703 00304 00426 02693 09306 00617 01721 02164 06446 04617 01749 04983 08372 07287 08760 06003 00373 07378 07842 04275 07578 07833 03381 08166 06633 03336 03679 07989 08951 05153
Row  68: 05320 02059 05926 02651 05108 00869 06981 08181 08112 01205 00535 03544 04487 08734 03479 07979 07985 08571 07127 02750 05072 07244 04413 01355 05545 04544 04449 04935 03543 04362 06223 02333 03334 03413 01396 09630 03056 05650 05046 04693 09309 00974 07425 02598 09862 06261 06159 05969 06907 00787 08726 02653 05370 07075 07502 00278 07810 01014 01410 01034 03481 08145 04550 05026 02683 08358 05891 09142 04274 07433 03327 02705 00578 07870 07096 09611 01179 07901 00127 02713 01378 07829 02913 01327 02780 08081 08165 06527 02761 06109 00905 00542 04278 07877 07717 01772 07224 02453 05317 01769
Row  69: 06953 05304 00422 02209 00948 04856 05693 09344 04481 08119 01999 09951 05178 07801 00102 00257 05708 00820 02029 02979 07980 08071 07175 07555 05531 03190 09059 05973 07346 04620 02007 00773 07376 07602 00270 07086 08607 00739 03907 00735 03578 07848 04889 08960 06074 07434 03423 02349 04911 01105 00599 09939 03932 03249 04947 04702 00255 05599 09998 09853 05378 07838 03832 03241 04106 00659 05951 05188 08809 00921 02176 07671 07125 02559 05940 04057 05790 09020 02010 01091 09181 08162 06257 05736 03617 01713 01341 04131 03165 06542 04296 09680 08034 03414 01435 03563 06369 06924 02421 02121
Row  70: 02116 01682 08200 00088 08808 00836 03699 09922 02262 06244 04411 01180 08063 06375 07540 04032 03286 08610 01050 05034 03454 05423 02303 00363 06319 01989 08925 02504 00435 03551 05119 01934 03422 02282 08255 05518 01811 01109 00995 09512 01263 06323 02399 09930 03064 06472 07279 07969 06978 07833 03361 06166 06638 03843 04343 04374 07439 03918 01809 00935 03516 01635 03589 08900 00065 06537 03708 00845 04507 00760 06080 08009 00902 00264 06426 02602 00221 02141 04180 08070 07040 04076 07624 02416 01688 08818 01821 02132 03289 08943 04396 09614 01417 01769 06918 01858 05884 08411 01196 09625
Row  71: 02597 09766 06640 04097 09780 08044 04480 08030 03078 07897 09761 06168 06873 07365 06569 06954 05404 00406 00696 09662 06240 04040 04023 02396 09664 06482 08204 00434 03411 01153 05325 02598 09839 03923 02331 03184 08459 05995 09556 05674 07459 05936 03625 02573 07348 04808 00839 03945 04564 06414 01440 04004 00406 00646 04601 00152 05280 08055 05585 08560 06068 06854 05445 04524 02410 01006 00669 06965 06571 07145 04531 03196 09685 08527 02782 08242 04234 03423 02330 03093 09383 08370 07000 00063 06377 07787 08717 01784 08463 06332 03274 07490 09010 01021 02171 07115 01575 07552 05236 03662
Row  72: 06221 02189 08976 07668 06871 07183 08397 09783 08351 05179 07904 00455 05597 09714 01468 06863 06349 04961 06176 07642 04235 03593 09310 01011 01179 07985 08573 07336 03666 06615 01527 02771 07131 03120 02068 06880 08049 04993 09374 07422 02274 07490 09027 02745 04545 04535 03520 02088 08820 02031 03169 06957 05719 01931 03164 06456 05607 00713 01344 04414 01495 09558 05854 05449 04984 08419 01940 04097 09785 08546 04651 05109 00902 00277 07712 01232 03290 09051 05128 02856 05685 08536 03614 01464 06498 09804 00473 07354 05497 09707 00773 07327 02766 06651 05191 09114 01431 03123 02399 09904
Row  73: 00422 02250 05057 05761 06190 09037 03763 06324 02421 02182 08202 00238 03809 00973 07310 01015 01531 03190 09045 04553 05394 09438 03891 09121 02185 08597 09774 07443 04340 04041 04112 01219 01940 04017 01797 09748 04862 06241 04111 01157 05790 09026 02690 09001 00141 04193 09371 07171 07120 02051 05185 08546 04612 01217 01745 04522 02289 08905 00511 01193 09346 04669 06963 06344 04407 00740 04061 06174 07484 08475 07533 03304 00485 08599 09911 01147 04766 06696 09643 04369 06959 05911 01139 03958 05840 04069 06960 06009 00995 09527 02773 07340 04038 03849 04989 08950 05008 00883 08333 03363
Row  74: 06309 00959 05948 04845 04507 00719 01933 03307 00791 09116 01667 06784 08402 00222 02212 01269 06981 08177 07746 04657 05793 09392 09290 09034 03413 01398 09835 03581 08187 08791 09117 01743 04379 07903 00360 06015 01573 07382 08271 07154 05442 04215 01507 00708 00835 03591 09127 02793 09315 01524 02438 03892 09262 06201 00167 06783 08321 02125 02592 09202 00243 04364 06402 00224 02499 09900 00023 02311 01151 05122 02282 08239 03995 09574 07436 03610 01056 05669 06935 03503 00393 09311 01100 00089 08916 01696 09638 03852 05211 01150 05068 06858 05887 08721 02150 05084 08420 02018 01885 08581
Row  75: 08119 01910 01019 01923 02339 03921 02123 02385 08577 07787 08703 00392 09228 02873 07343 04348 04808 00876 07660 06026 02616 01605 00586 08615 01594 09407 00755 05534 03401 00169 06931 03137 03701 00155 05531 03159 05958 05845 04583 08388 08842 04210 01030 03086 08657 05723 02326 02688 08829 02909 00965 06536 03642 04255 05583 08383 08372 07241 04175 07510 01061 06195 09504 00459 05980 08030 03015 01561 06104 00403 00310 01015 01549 04993 09321 02133 03318 01890 09051 05156 05645 04505 00543 04312 01210 01043 04305 00503 00322 02238 03895 09530 03099 09953 05369 06911 01165 06534 03408 00843
Row  76: 04313 01302 00255 05555 05518 01835 03518 01863 06335 03543 04364 06434 03460 06045 04575 07571 07125 02500 00022 02276 07678 07826 02645 04509 00977 07794 09499 09906 00625 02524 02461 06192 09202 00279 07976 07612 01238 03865 06528 02839 03979 07947 04779 07916 01635 03511 01156 05678 07808 00866 06662 06221 02178 07894 09413 01310 01027 02729 02994 09499 09975 07558 05835 03572 07298 09880 08046 04652 05266 06649 04902 00290 09084 08438 03814 01403 00390 09095 09514 01427 02706 00678 07892 09237 03738 03863 06345 04520 02072 07276 07668 06839 03944 04447 04790 09078 07859 05946 04600 00092
Row  77: 09203 00381 08116 01646 04625 02580 08010 01018 01833 03334 03483 08336 03627 02720 02079 07938 03867 06707 00794 09439 03947 04723 02311 01137 03760 06069 06935 03578 07830 03048 04842 04297 09766 06650 05039 03973 07368 06882 08274 07446 04655 05594 09441 04134 03479 07924 02453 05359 05927 02749 04918 01803 00313 01384 08440 04003 00374 07420 02075 07556 05650 05035 03545 04538 03828 02841 04182 08206 00680 08001 00141 04169 06995 09569 06946 04656 05608 00876 07674 07411 01171 07195 09561 06127 02771 07192 09254 05423 02334 03469 06923 02326 02694 09439 03975 07501 00125 02549 04919 01988
Row  78: 08885 08516 01699 09949 04922 02271 07136 03691 09127 02716 01613 01374 07457 05780 08001 00180 08087 08776 07672 07273 07347 04781 08190 09088 08810 01021 02180 08067 06737 03721 02142 04270 07027 02702 00237 03754 05423 02396 09631 03109 00936 03642 04227 02715 01591 09199 09951 05102 00225 02574 07481 08192 09260 06043 04327 02761 06149 04942 04202 00268 06815 01526 02687 08782 08239 03914 01475 07539 03908 00869 06968 06828 02873 07368 06810 01088 08893 09399 09947 04778 07837 03792 09220 02044 04410 01013 01337 03794 09499 09996 09694 09428 02873 07338 03811 01112 01214 01453 05338 03810
Row  79: 01046 04624 02451 05189 08908 00814 01460 06009 00963 06324 02465 06575 07537 03704 00495 09552 05231 03180 08010 01055 05541 04124 02479 07965 06590 09096 09690 09026 02641 04144 04452 05267 06753 05383 08335 03586 08619 01945 04587 08714 01476 07668 06811 01145 04591 09196 09657 05723 02388 08883 08383 08316 01677 07760 06034 03434 03418 01830 03011 01105 00552 05291 09187 08727 02756 05606 00694 09420 02008 00883 08305 00530 03018 01837 03769 06941 04160 06091 09169 06951 05115 01598 09893 09311 01129 02931 03111 01165 06541 04156 05688 08856 05638 03877 07729 02992 09251 05170 07036 03633
Row  80: 03327 02736 03677 07784 08420 02098 09897 09720 02070 07064 06468 06857 05757 05739 03913 01319 01978 07898 09819 01922 02218 01803 00335 03524 02470 07032 03277 07709 00909 00918 01810 01051 05190 09025 02536 03670 07029 02997 09763 06383 08361 06193 09310 01065 06548 04822 02257 05795 09507 00767 06703 00339 03987 08780 08032 03281 08131 03132 03227 02788 08839 03936 03645 04564 06466 06607 00749 04949 04917 01799 09971 07199 09970 07008 00895 09508 00864 06425 02564 06428 02815 01571 07147 04702 00249 04925 02525 02559 05964 06458 05890 09015 01544 04426 02620 02067 06786 08608 00873 07301
Row  81: 00117 01793 09317 01760 06098 09870 07020 02041 04161 06114 01487 08758 05867 06743 04371 07147 04712 01284 08418 01828 02877 07752 05297 09703 00371 07149 04956 05607 00767 06788 08898 09806 00652 05222 02221 02118 01864 06430 03055 05560 06010 01020 02039 03992 09241 04143 04385 08516 01632 03250 05079 07981 08117 01734 03491 09157 05745 04503 00390 09092 09246 04694 09474 07418 01877 07730 03049 04962 06212 01292 09226 02602 00211 01168 06844 04419 01973 07334 03474 07421 02149 04940 04016 01647 04768 06841 04162 06277 07702 00264 06417 01758 05809 00920 02032 03262 06293 09351 05148 04869
Row  82: 06983 08398 09896 09623 02384 08489 08950 05073 07329 02979 07981 08168 06867 06761 06174 07498 09843 04393 09377 07784 08496 09620 02017 01751 05127 02773 07383 08394 09472 07268 06826 02672 07219 01945 04543 04328 02855 05571 07142 04214 01492 09280 08007 00721 02161 06132 03230 03077 07730 03027 02763 06364 06418 01841 04141 04104 00466 06624 02497 09786 08667 06707 00781 08103 00361 06158 05817 01707 00728 02836 03665 06548 04897 09706 00634 03444 04455 05531 03120 02023 02367 06721 02173 07363 06339 03997 09728 02874 07442 04295 09577 07776 07626 02668 06802 00237 03706 00663 06348 04810
Row  83: 01024 02462 06287 08783 08370 07071 07161 06106 00664 06435 03525 02512 01230 03097 09705 00543 04319 01911 01154 05401 00199 09913 01396 09667 06759 05962 06285 08526 02667 06783 08314 01443 04374 07464 06475 07585 08500 00090 09047 04769 06911 01112 01244 04476 07669 06953 05344 04472 07268 06848 04897 09731 03141 04114 01489 08978 07894 09424 02462 06226 02684 08464 06410 01089 08944 04446 04610 01051 05192 09215 01504 00424 02418 01805 00523 02325 02592 09213 01304 00424 02445 04523 02356 05664 06458 05883 08316 01633 03349 04976 07683 08309 00903 00305 00587 08736 03639 03930 03065 06545
Row  84: 04540 04003 00301 00140 04014 01425 02520 02002 00268 06895 09566 06690 09028 02802 00277 07746 04679 07973 07395 09599 09938 03849 04988 08811 01101 00192 09274 07417 01703 00332 03237 03751 05154 05408 00853 05376 07638 03891 09195 09519 01924 02412 01275 07537 03781 08151 05194 09430 03011 01132 03208 00846 04647 04726 02686 08675 07537 03739 03940 04014 01454 05405 00545 04539 03973 07391 09135 03580 08072 07290 09006 00612 01287 08745 04593 09323 02347 04728 02826 02627 02730 03062 06213 01332 03208 00863 06392 09201 00153 05360 06077 07735 03583 08364 06499 09914 01454 05459 05930 03033
Row  85: 03362 06208 00894 09446 04640 04072 07274 07443 04329 02967 06745 04536 03609 00917 01713 01363 06396 09617 01709 00916 01625 02595 09570 07086 08666 06606 00633 03319 01923 02327 02724 02495 09531 03129 02995 09511 01190 09069 06968 06889 08938 03817 01784 08418 01821 02143 04317 01709 00918 01837 03746 04601 00175 07537 03749 04930 03082 08292 09205 00553 05376 07698 09856 05604 00478 07812 01290 09078 07811 01199 09949 04988 08841 04160 06096 09679 07980 08095 09504 00401 00123 02327 02733 03383 08346 04615 01507 00752 05289 08910 01058 05827 02790 09042 04297 09729 02933 03322 02222 02215
Row  86: 01521 02157 05784 08481 08128 02893 09336 03641 04103 00369 06935 03540 04084 08495 09551 05115 01532 03262 06280 08055 05536 03636 03650 05062 06286 08628 02876 07666 06633 03313 01395 09575 07512 01218 01838 03819 01907 00777 07774 07417 01760 06052 05286 08602 00279 07997 09790 09011 01135 03579 07969 06941 04155 05583 08378 07811 01195 09523 02339 03909 00921 02148 04882 08224 02468 06868 06849 04909 00956 05652 05224 02480 08042 04293 09369 06952 05259 05983 08340 04037 03794 09490 09022 02252 05239 03989 08914 01415 01590 09070 07062 06260 06083 08394 09424 02487 08706 00695 09502 00252
Row  87: 05273 07371 07199 09987 08788 08832 03249 04919 01980 08026 02654 05452 05223 02322 02239 03976 07648 04849 04958 05832 03296 09609 00919 01922 02224 02483 08346 04653 05359 05967 06782 08220 02024 02421 02195 09565 06587 08754 05475 07537 03770 07031 03154 05458 05839 03910 01097 09703 00355 05530 03011 01186 08610 01052 05259 05955 05560 06033 03369 06995 09594 09479 07990 09049 04940 04052 05261 06115 01500 00085 08552 05218 01893 09349 04911 01129 02949 04950 05032 03205 00513 01325 02505 00566 06669 06908 00868 06837 03758 05854 05414 01414 01478 07809 00951 05180 08078 07839 03910 01027
Row  88: 02788 08809 00964 06482 08200 00027 02729 02983 08379 07988 08818 01828 02882 08219 01990 09031 03199 09914 01495 09511 01122 02200 00070 07056 05682 08279 07925 02517 01728 02821 02118 01838 03887 08714 01492 09205 00575 07578 07811 01136 03697 09789 08981 08199 09989 08982 08261 06183 08381 08153 05388 08830 03016 01604 00407 00711 01199 09923 02312 01275 07521 02127 02783 08314 01442 04217 01749 04904 00457 05761 06121 02144 04419 01923 02318 01858 05809 00994 09452 05210 01039 03906 00629 02987 08718 01887 08755 05563 06360 06003 00325 02557 05793 09376 07665 06566 06628 02807 00766 06662
Row  89: 06267 06763 06381 08103 00395 09517 01738 03850 05042 04282 08200 00013 01310 01060 06081 08105 00550 05027 02757 05731 03138 03816 01623 02368 06882 08251 05114 01405 00584 08472 07261 06155 05557 05775 07579 07922 02264 06474 07477 07758 05882 08245 04514 01491 09119 01958 05862 06236 03668 06828 02891 09140 04027 02709 00977 07799 09905 00502 00253 05316 01637 03730 03040 04042 04222 02202 00289 08904 00414 01498 09850 05038 03870 07042 04225 02596 09683 08390 09012 01245 04530 03063 06372 07271 07107 00714 01464 06402 00267 06714 01461 06199 09951 05152 05276 07655 05526 02636 03603 00319
Row  90: 01996 09667 06754 05464 06475 07598 09867 06728 02841 04162 06220 02087 08725 02500 00012 01298 09878 07860 06051 05121 02122 02282 08222 02209 00943 04346 04636 03604 00441 04178 07845 04535 03554 05454 05498 09873 07390 09045 04570 07073 07343 04390 09090 09080 08074 07488 08822 02247 04731 03189 08933 03312 01214 01418 01815 01526 02608 00878 07812 01249 04945 04512 01289 08925 02514 01441 04105 00515 01542 04221 02197 09738 03893 09392 09246 04692 09204 00442 04276 07675 07547 04721 02107 00715 01503 00352 05207 00709 00971 07182 08264 06412 01298 09803 00327 02781 08136 03631 03168 06859
Row  91: 05987 08726 02665 06512 01288 08858 05854 05470 07094 09444 04471 07114 01474 07415 01534 03476 07630 03077 07749 04916 01683 08337 03754 05499 09944 04441 04153 05338 03800 00065 06577 07737 03747 04785 08576 07616 01612 01247 04773 07374 07444 04414 01497 09700 00098 09836 03669 06959 05970 07086 08633 03386 08603 00385 08567 06764 06444 04475 07560 06052 05283 08321 02110 01021 02153 05367 06750 05055 05563 06321 02138 03821 02109 00903 00346 04628 02805 00567 06758 05868 06855 05593 09382 08272 07260 06023 02399 09912 01257 05760 06049 04929 02984 08457 05753 05387 08714 01444 04470 07088
Row  92: 08856 05618 01831 03181 08159 05925 02552 05243 04387 08757 05791 09104 00414 01421 02104 00495 09509 00971 07148 04898 09826 02621 02142 04215 01589 08908 00806 00666 06617 01793 09364 06478 07835 03553 05385 08592 09272 07239 03989 08946 04680 08071 07189 08973 07367 06786 08664 06447 04768 06820 02062 06203 00374 07497 09761 06158 05813 01353 05377 07762 06283 08365 06530 03062 06204 00442 04200 00010 01091 09161 06158 05833 03353 05381 08197 09747 04736 03609 00948 04835 03529 02928 02884 08472 07273 07305 00533 03348 04841 04172 07299 09926 02604 00453 05355 05510 01007 00708 00890 09096
Row  93: 09627 02770 07038 03833 03367 06786 08640 04007 00716 01686 08607 00742 04229 02938 03823 02300 00087 08731 03164 06451 05107 00758 05887 08772 07281 08140 04044 04434 03497 09796 09600 00086 08620 02058 05816 01617 01751 05129 02934 03400 00029 02964 06400 00021 02198 09897 09761 06141 04104 00484 08489 08903 00301 00118 01865 06574 07448 04887 08722 02237 03712 01271 07165 06505 00507 00794 09458 05871 07104 00485 08555 05507 00742 04247 04705 00533 03357 05766 06667 06737 03756 05608 00862 06270 07007 00772 07258 05812 01242 04297 09782 08228 02804 00489 08989 08986 08609 00907 00711 01134
Row  94: 03473 07393 09305 00506 00686 08640 04075 07552 05250 05068 06843 04366 06628 02841 04102 00269 06963 06364 06480 08089 08950 05033 03374 07426 02668 06833 03309 00980 08011 01198 09868 06863 06375 07569 06943 04300 00095 09568 06815 01533 03359 05991 09160 06017 01783 08390 09083 08381 08176 07630 03021 02189 08971 07171 07105 00598 09847 04723 02381 08112 01299 09976 07684 08429 02987 08758 05830 03067 06768 06828 02823 02376 07698 09825 02560 06099 09964 06427 02795 09551 05164 06413 01360 06002 00216 01618 01838 03891 09129 02975 07538 03840 04099 09994 09415 01555 05565 06597 09779 07923
Row  95: 02308 00817 01785 08578 07878 07866 06681 08121 02121 02144 04411 01113 01375 07509 00987 08723 02396 09673 07354 05485 08561 06108 00872 07250 05098 09889 08926 02617 01700 00018 01883 08387 08762 06267 06727 02729 02915 01544 04493 09320 02071 07153 05319 01941 04178 07857 05745 04553 05349 04955 05535 03581 08196 09664 06450 05096 09671 07117 01787 08733 03326 02679 07971 07115 01539 03906 00652 05227 02700 00045 04586 08659 05978 07876 07689 08909 00958 05829 02940 04027 02758 05835 03547 04782 08278 07857 05712 01207 00750 05052 05266 06685 08505 00539 03911 01125 02575 07512 01263 06316
Row  96: 01691 09150 05063 06346 04686 08697 09737 03726 02680 08006 00618 01802 00212 01229 02913 01371 07131 03114 01499 09910 01027 02778 07844 04458 05860 06083 08321 02151 05100 00069 06910 01055 05514 01408 00832 03269 06949 04933 03327 02722 02266 06684 08422 02287 08736 03668 06832 03261 06169 06944 04432 03226 02667 06714 01469 06963 06396 09623 02330 03036 03686 08621 02194 09492 09222 02271 07164 06499 09949 04927 02758 05886 08606 00653 05312 01221 02195 09593 09385 08598 09890 09049 04904 00494 09472 07277 07723 02352 05227 02729 02987 08752 05280 08068 06815 01517 01744 04422 02272 07269
Row  97: 06979 07995 09556 05620 02012 01204 00465 06547 04703 00399 09919 01924 02433 03356 05640 04070 07068 06839 03994 09459 05903 00329 02961 06161 06172 07242 04231 03157 05705 00505 00583 08348 04828 02828 02811 01115 01534 03488 08827 02716 01623 02332 03299 09908 00823 02365 06545 04572 07297 09728 02833 03373 07347 04759 05901 00108 00842 04213 01325 02566 06617 01714 01432 03204 00451 05113 01380 08007 00746 04668 06812 01273 07350 05066 06673 07380 08039 03923 02366 06605 00539 03940 04063 06308 00893 09395 09553 05316 01681 08134 03429 02937 03709 00938 03846 04601 00199 09941 04151 05158
Row  98: 05823 02363 06355 05502 00207 00730 03055 05591 09147 04730 03029 02963 06396 09614 01458 05839 03935 03500 00003 00316 01653 05390 09038 03851 05149 04943 04359 05996 09636 03665 06576 07624 02469 06990 09092 09204 00406 00655 05542 04218 01808 00863 06312 01281 08177 07718 01817 01724 02462 06215 01519 01938 03868 06858 05868 06888 08812 01259 05918 01818 01845 04516 01678 07848 04819 01970 07025 02508 00888 08869 06957 05783 08398 09859 05984 08429 02948 04824 02440 04021 02123 02378 07871 07199 09989 08989 08918 01819 01947 04747 04709 00962 06215 01538 03879 07998 09813 01361 06187 08762
Row  99: 06272 07260 06028 02896 09613 01364 06401 00194 09491 09135 03566 06613 01328 02873 07335 03514 01428 02846 04654 05459 05966 06696 09672 07214 01442 04247 04733 03353 05320 02026 02612 01242 04256 05621 02188 08823 02376 07686 08695 09553 05334 03439 03912 01230 03045 04571 07146 04600 00035 03530 03022 02206 00645 04507 00751 05191 09151 05108 00815 01530 03075 07576 07676 07608 00889 08953 05358 05858 05878 07889 08916 01662 06230 03080 08005 00581 08127 02762 06206 00697 09752 05297 09719 01905 00546 04609 00927 02749 04904 00430 03081 08173 07303 00360 06084 08401 00199 09929 02902 00247

Seed: f5c9ebf115ae314a11b583869fe99b6b888425b632fadb0de5ec10cce2ba0ae8
Master key: 0001020304050607...
IV: 000102030405060708090a0b0c0d0e0f
