Phase 3: After pairwise transform (100x100 numbers 0-9999)
======================================================================
Row   0: 02487 08764 06446 04643 04347 04724 02454 05483 08336 03601 00143 04358 05864 06416 01610 01011 01188 08852 05245 04526 02600 00072 07276 07624 02430 03096 09600 00095 09563 06309 00911 01180 08076 07605 00537 03726 02620 02011 01110 01029 02971 07175 07538 03832 03215 01552 05277 07740 04066 06671 07161 06181 08186 08624 02481 08141 04111 01149 04983 08345 04541 04162 06218 01834 03404 00411 01165 06505 00532 03230 03006 00624 02497 09758 05802 00270 07082 08213 01338 03822 02259 05919 01903 00317 01733 03356 05657 05746 04689 08932 03296 09628 02842 04267 06741 04146 04614 01425 02521 02149
Row   1: 04978 07837 03789 08977 07701 00186 08674 07428 02818 01846 04689 08959 05937 03721 02124 02409 00909 00941 04102 00217 01763 06309 00989 08958 05809 00942 04232 03280 08035 03553 05306 00626 02617 01721 02197 09773 07376 07693 09328 02839 03933 03340 04082 08240 04008 00804 00429 02905 00515 01533 03338 03861 06115 01573 07320 02073 07308 00813 01313 01397 09798 09837 03799 09957 05758 05835 03562 06225 02594 09460 06001 00115 01540 04093 09332 03278 07815 01556 05608 00878 07829 02997 09739 03965 06562 06268 06880 08054 05414 01477 07708 00888 08827 02796 09695 09524 02423 02377 07772 07250
Row   2: 05002 00260 06001 00138 03867 06748 04811 01133 03311 01172 07214 01408 00816 01677 07796 09686 08601 00191 09156 05623 02332 03263 06397 09734 03498 09816 01644 04482 08219 01933 03332 03218 01865 06539 03913 01337 03710 01056 05651 05124 02465 06574 07470 07074 07410 01041 04131 03128 02831 03159 05938 03863 06377 07720 02008 00805 00533 03309 00975 07574 07489 08979 07936 03618 01852 05219 01958 05893 09345 04544 04459 05920 02069 06978 07875 07509 00909 00936 03613 01387 08756 05677 07713 01334 03445 04554 05495 09532 03213 01307 00768 06882 08281 08167 06797 09727 02721 02151 05151 05127
Row   3: 02793 09366 06653 05349 04903 00377 07739 03902 00255 05544 04491 09123 02320 02034 03470 07077 07705 00549 04979 07948 04824 02445 04518 01852 05220 02069 06966 06633 03392 09225 02557 05777 07776 07630 03081 08196 09600 00067 06791 09191 09133 03316 01684 08430 03001 00136 03653 05330 03006 00628 02843 04398 09815 01583 08355 05561 06130 03066 06604 00404 00483 08387 08710 01024 02499 09905 00513 01320 02017 01707 00782 08246 04629 02978 07850 05066 06631 03170 07032 03273 07388 08820 02078 07891 09153 05365 06564 06402 00271 07167 06737 03775 07530 03017 01748 04895 09501 00160 06087 08776
Row   4: 07655 05582 08241 04136 03613 01391 09194 09408 00823 02342 04244 04478 07844 04409 00943 04313 01351 05185 08503 00357 05704 00497 09774 07476 07689 08940 04002 00206 00650 05082 08215 01566 06694 09458 05895 09525 02529 02996 09659 05946 04682 08236 03642 04207 00757 05739 03904 00406 00693 09333 03318 01846 04699 09959 05937 03745 04529 02931 03143 04399 09944 04482 08250 05036 03639 03974 07421 02175 07515 01562 06242 04236 03645 04568 06835 03555 05562 06224 02403 00396 09667 06727 02707 00785 08532 03250 05005 00598 09878 07835 03583 08340 04026 02638 03860 06063 06306 00668 06856 05612
Row   5: 01207 00792 09278 07856 05672 07221 02125 02538 03876 07605 00556 05691 09188 08889 08926 02699 09957 05729 02983 08366 06613 01345 04501 00184 08430 03029 02982 08242 04271 07106 00665 06565 06535 03508 00860 06077 07799 09959 05967 06752 05247 04779 07900 00097 09718 01886 08628 02813 01388 08893 09367 06768 06832 03200 00091 09111 01103 00338 03898 09810 01095 09574 07498 09820 02055 05535 03598 09896 09601 00159 05994 09424 02464 06445 04542 04283 08381 08156 05676 07673 07375 07577 07745 04555 05504 00462 06299 09986 08647 04795 09583 08357 05789 08943 04386 08620 02097 09760 06052 05231
Row   6: 03107 00748 04824 02412 01202 00271 07134 03461 06109 00989 08912 01218 01872 07255 05596 09696 09696 09672 07264 06499 09915 01585 08562 06221 02153 05309 00971 07128 02893 09332 03251 05195 09512 01293 09325 02538 03875 07524 02419 01918 01874 07447 04704 00440 04086 08630 03079 07932 03249 04946 04633 03344 04450 05060 06067 06709 00939 03999 09951 05195 09532 03260 06049 04949 04974 07471 07120 02018 01802 00286 08679 07931 03175 07575 07580 08076 07671 07150 05016 01697 09792 09283 08325 02537 03755 05528 02840 04083 08376 07638 03835 03516 01622 02201 00148 04861 06197 09741 04150 05013
Row   7: 01382 08289 08900 00059 05931 03183 08355 05565 06544 04478 07876 07682 08212 01252 05221 02158 05866 06685 08566 06636 03687 08778 07839 03975 07552 05292 09275 07563 06399 09997 09766 06630 03031 03141 04148 04867 06718 01827 02707 00726 02689 08998 09870 07048 04818 01845 04523 02309 00929 02930 03018 01885 08537 03723 02320 02003 00377 07767 06746 04687 08710 01069 06908 00883 08343 04310 01091 09102 00273 07343 04365 06544 04469 06989 08993 09354 05428 02811 01147 04753 05394 09452 05283 08349 04944 04426 02627 02798 09837 03714 01431 03130 03034 03446 04662 06298 09878 07824 02485 08521
Row   8: 02157 05743 04376 07668 06873 07344 04446 04694 09410 01060 06097 09776 07615 01577 07782 08245 04560 06007 00755 05518 01889 08914 01491 09180 08073 07394 09494 09458 05831 03162 06277 07799 09971 07187 08713 01378 07869 06919 01955 05590 09050 05006 00616 01641 04178 07871 07165 06545 04530 03087 08787 08711 01101 00176 07687 08797 09711 01158 05896 09618 01886 08623 02380 08092 09207 00723 02347 04712 01297 09709 00915 01536 03645 04521 02196 09629 02982 08215 01553 05306 00666 06678 07875 07591 09104 00428 02857 05709 00908 00856 05628 02890 09060 06082 08248 04826 02659 05971 07194 09413
Row   9: 01313 01387 08763 06313 01392 09291 09169 06977 07744 04498 09895 09564 06449 04929 02912 01213 01386 08685 08506 00603 00333 03325 02569 06978 07871 07102 00247 04798 09832 03284 08457 05758 05884 08485 08554 05458 05833 03350 05020 02011 01141 04111 01101 00164 06418 01883 08317 01755 05534 03492 09230 03089 08978 07844 04449 04927 02743 04344 04492 09255 05502 00252 05202 00225 02569 06992 09243 04368 06807 00789 08963 06324 02465 06516 01695 09508 00810 01089 08902 00205 00597 09776 07643 04323 02344 04431 03129 02981 08164 06440 04046 04601 00124 02438 03823 02354 05461 06184 08499 09925
Row  10: 02556 05611 01179 07945 04572 07212 01208 00824 02469 06977 07701 00188 08831 03148 04880 08047 04758 05815 01514 01412 01220 02071 07166 06617 01711 01194 09455 05500 00002 00218 01848 04886 08637 03703 00313 01376 07614 01476 07676 07688 08819 01922 02203 00303 00368 06843 04351 05167 06729 02976 07612 01292 09246 04685 08528 02825 02597 09721 02118 01884 08425 02569 06909 00957 05704 00477 07733 03349 04978 07805 00565 06555 05544 04488 08851 05139 03989 08998 09805 00556 05631 03110 01079 07958 05852 05240 04012 01233 03387 08722 02255 05562 06271 07195 09517 01768 06865 06538 03816 01671
Row  11: 07105 00519 01980 08015 01542 04223 02378 07899 09935 03557 05718 01887 08705 00545 04565 06506 00688 08891 09138 03853 05327 02748 04892 09268 06862 06262 06229 02925 02573 07344 04457 05728 02893 09366 06643 04399 09901 00100 00051 05103 00387 08782 08225 02598 09849 04966 06642 04233 03389 08984 08438 03830 03038 03858 05832 03255 05552 05291 09198 09839 03953 05369 06913 01312 01294 09434 03441 04123 02330 03005 00593 09320 02064 06465 06547 04743 04376 07661 06128 02888 08813 01386 08642 04257 05769 06978 07873 07301 00156 05655 05512 01205 00519 01947 04732 03224 02494 09495 09534 03481
Row  12: 08163 06370 07066 06648 04847 04703 00377 07772 07278 07895 09559 05986 08648 04890 09049 04911 01196 09672 07200 00068 06892 09253 05332 03283 08398 09829 02939 03913 01361 06152 05245 04552 05237 03766 06686 08616 01668 06818 01857 05741 04148 04856 05600 00053 05368 06830 03049 04983 08390 09035 03581 08152 05200 00060 06040 04037 03799 09954 05458 05897 09735 03523 02396 09619 01927 02731 03127 02778 07864 06499 09932 03200 00045 04545 04500 00091 09172 07232 03235 03516 01620 02059 05936 03645 04553 05375 07515 01585 08593 09385 08560 06056 05687 08758 05894 09477 07758 05801 00112 01276
Row  13: 07657 05783 08351 05154 05449 04986 08646 04615 01540 04009 00945 04584 08436 03635 03527 02743 04300 00091 09104 00407 00733 03313 01399 09935 03584 08401 00176 07609 00986 08629 02992 09210 01017 01707 00725 02502 00245 04531 03163 06317 01715 01585 08592 09214 01437 03706 00606 00637 03708 00849 04930 03066 06696 09656 05613 01328 02878 07806 00694 09422 02258 05865 06593 09391 09143 04385 08503 00340 04024 02416 01634 03418 01814 01426 02622 02211 01161 06129 02937 03733 03336 03601 00182 08284 08472 07270 07062 06213 01381 08106 00637 03708 00835 03567 06748 04809 00942 04233 03393 09355
Row  14: 05591 09173 07325 02583 08365 06539 03995 09525 02598 09871 07179 07936 03689 08992 09202 00229 02935 03551 05109 00980 08080 08018 01865 06517 01720 02078 07808 00838 03886 08673 07394 09427 02741 04161 06163 06308 00846 04675 07569 06962 06228 02884 08450 05011 01116 01664 06431 03171 07194 09464 06429 02982 08237 03782 08289 08933 03331 03112 01228 02809 00919 01991 09122 02246 04698 09872 07292 09275 07573 07382 08217 01708 00837 03738 03841 04158 05848 04819 01919 01961 06112 01283 08306 00614 01480 08076 07648 04855 05547 04761 06132 03255 05562 06235 03588 08835 03537 03797 09747 04722
Row  15: 02239 03975 07542 04206 00622 02242 04270 07067 06701 00152 05244 04482 08278 07855 05518 01879 07984 08463 06373 07321 02134 03420 02066 06630 03081 08101 00194 09431 03171 07108 00878 07819 01902 00208 00808 00817 01717 01712 01265 06509 00942 04285 08589 08990 09093 09343 04370 07042 04249 04914 01499 09937 03792 09210 01068 06851 05186 08677 07760 06000 00026 02603 00349 04918 01832 03220 02048 04818 01802 00293 09313 01397 09700 00038 03824 02439 03964 06402 00207 00739 03945 04598 09869 06932 03245 04584 08473 07355 05589 08924 02414 01460 06047 04712 01212 01290 09049 04963 06347 04708
Row  16: 00808 00888 08816 01683 08348 04845 04586 08600 00031 03184 08443 04384 08456 05627 02716 01671 07125 02597 09763 06348 04866 06696 09636 03690 09092 09252 05257 05715 01599 09959 05936 03685 08529 02943 04366 06656 05667 06754 05439 03977 07786 08619 01963 06335 03538 03860 06014 01408 00868 06808 00827 02773 07384 08426 02683 08360 06039 03937 03743 04376 07662 06218 01810 01060 06048 04805 00518 01843 04382 08241 04197 09708 00873 07313 01376 07665 06543 04325 02582 08255 05591 09141 04160 06076 07693 09397 09717 01713 01325 02542 04264 06424 02453 05320 02059 05958 05800 00078 07842 04288
Row  17: 08896 09655 05564 06424 02418 01834 03424 02446 04612 01235 03595 09599 09912 01200 00064 06422 02258 05828 02888 08819 01920 02074 07475 07524 02419 01932 03202 00214 01413 01361 06134 03429 02955 05546 04640 04093 09300 00044 04472 07230 03042 04246 04643 04360 06046 04667 06718 01814 01429 02989 08968 06834 03483 08343 04308 00805 00545 04528 02885 08592 09287 08778 07800 00016 01610 01014 01490 09065 06526 02605 00516 01603 00339 03993 09364 06437 03739 03963 06354 05454 05427 02729 02980 08074 07421 02178 07879 07985 08587 08783 08384 08405 00589 08917 01728 02899 09912 01227 02742 04212
Row  18: 01254 05495 09503 00371 07109 00975 07531 03111 01116 01627 02769 06935 03529 02937 03734 03467 06746 04665 06583 08395 09549 04961 06169 06968 06829 02929 02929 02906 00619 01958 05812 01288 08829 02975 07511 01131 03124 02432 03252 05208 00880 08023 02389 08971 07163 06323 02392 09280 08009 00925 02559 05938 03831 03109 00906 00674 07489 08999 09990 09085 08541 04140 04060 06070 07083 08368 06882 08202 00208 00898 09821 02163 06365 06506 00605 00597 09758 05843 04374 07468 06847 04705 00512 01237 03720 02012 01203 00367 06732 03215 01550 05022 02288 08895 09599 09981 08157 05727 02718 01834
Row  19: 03454 05464 06477 07724 02475 07577 07738 03829 02981 08119 01908 00869 06963 06357 05710 01051 05194 09472 07235 03583 08380 08011 01156 05661 06114 01422 02283 08361 06184 08405 00599 09972 07283 08384 08413 01300 00036 03613 01357 05715 01582 08275 07541 04177 07768 06860 06012 01286 08653 05389 08930 03066 06685 08565 06500 00049 04922 02294 09427 02785 08520 02018 01854 05477 07757 05730 03092 09260 06018 01816 01639 03941 04198 09818 01812 01215 01522 02227 02788 08838 03820 02026 02653 05330 03023 02324 02441 04113 01364 06474 07459 05977 07766 06692 09240 04062 06256 05602 00295 09509
Row  20: 00938 03804 00444 04441 04126 02633 03369 06969 06983 08333 03386 08658 05837 03779 07968 06894 09484 08458 05844 04440 04093 09375 07518 01855 05563 06389 08990 09011 01143 04384 08459 05972 07289 08924 02494 09426 02670 07024 02413 01389 08991 09184 08458 05860 06045 04595 09512 01292 09226 02623 02373 07315 01536 03623 02359 05993 09320 02072 07230 03056 05699 09919 01975 07592 09200 00035 03577 07706 00686 08653 05339 03908 00882 08248 04874 07419 01981 08134 03459 05941 04112 01203 00387 08748 04843 04312 01267 06788 08840 04083 08307 00750 05017 01743 04330 03027 02747 04772 07248 04829
Row  21: 02908 00811 01119 01966 06691 09125 02587 08772 07268 06858 05857 05799 09963 06379 07988 08823 02300 00019 01977 07722 02250 05007 00721 02161 06127 02784 08495 09597 09765 06577 07775 07539 03954 05425 02547 04732 03212 01246 04686 08616 01676 07646 04641 04167 06771 07140 04050 05029 02978 07824 02405 00590 09015 01502 00224 02459 05903 00316 01680 08000 00005 00516 01631 03154 05416 01606 00648 04892 09204 00438 03875 07572 07235 03510 01018 01841 04101 00199 09993 09371 07137 03709 00922 02272 07299 09931 03165 06521 02143 04387 08760 06023 02343 04377 07713 01309 00937 03734 03443 04324
Row  22: 02463 06330 03074 07445 04515 01543 04347 04755 05592 09210 01071 07155 05523 02395 09519 01910 01049 04912 01219 01922 02264 06467 06797 09764 06432 03275 07515 01579 07951 05178 07832 03254 05476 07631 03191 09151 05110 01037 03795 09590 09069 06926 02618 01802 00238 03866 06645 04534 03450 05034 03434 03459 05999 09910 01055 05599 09931 03125 02562 06238 03878 07894 09472 07255 05520 02038 03822 02279 07942 04287 08794 09454 05485 08523 02368 06890 09019 01965 06545 04568 06842 04232 03261 06178 07848 04817 01774 07427 02713 01309 00981 08172 07287 08727 02796 09647 04717 01747 04799 09999
Row  23: 09994 09413 01318 01842 04249 04959 05986 08665 06589 08942 04261 06186 08609 00934 03400 00071 07193 09362 06233 03318 01842 04237 03719 01912 01249 04986 08672 07209 00952 05223 02313 01399 09909 00954 05427 02711 01120 02016 01654 05419 01970 07048 04821 02110 01081 08144 04425 02529 02905 00513 01320 02031 03127 02761 06163 06378 07842 04213 01363 06314 01437 03764 06418 01856 05682 08298 09847 04732 03228 02858 05894 09432 03290 09045 04558 05890 09067 06788 08883 08396 09667 06786 08674 07455 05530 03000 00048 04892 09221 02190 09094 09462 06247 04793 09361 06196 09692 09225 02528 02876
Row  24: 07695 09510 01047 04742 04266 06677 07762 06214 01450 05057 05713 01343 04351 05191 09181 08136 03676 07660 06017 01799 09939 03994 09465 06587 08763 06311 01182 08222 02201 00102 00232 03204 00462 06271 07168 06809 00915 01579 07971 07148 04850 05084 08461 06101 00103 00371 07163 06319 01908 00837 03762 06240 04082 08253 05388 08871 07131 03188 08833 03367 06783 08370 07061 06134 03475 07578 07838 03861 06179 07909 00964 06452 05218 01834 03473 07377 07767 06722 02282 08219 01996 09658 05854 05418 01825 02553 05339 03931 03110 01025 02584 08433 03368 06848 04851 05145 04569 06941 04119 01954
Row  25: 05455 05576 07618 01821 02188 08866 06667 06735 03527 02738 03896 09666 06657 05795 09577 07738 03862 06250 05038 03895 09562 06224 02442 04228 02829 02944 04437 03780 08068 06893 09310 01049 04966 06628 02832 03216 01657 05719 01998 09856 05661 06169 06934 03426 02688 08822 02255 05583 08317 01768 06860 06048 04805 00593 09349 04924 02466 06603 00394 09439 03965 06557 05707 00746 04607 00728 02886 08613 01383 08380 08063 06344 04499 09963 06375 07559 05952 05256 05649 04917 01774 07467 06765 06516 01696 09642 04280 08005 00557 05715 01513 01307 00756 05686 08643 04379 07967 06714 01457 05749
Row  26: 04959 05910 01071 07182 08221 02174 07439 03913 01324 02447 04701 00155 05570 07088 08873 07329 02908 00865 06541 04181 08159 05958 05853 05318 01808 00826 02612 01246 04604 00463 06353 05338 03802 00264 06433 03359 05937 03787 08736 03655 05575 07561 06143 04309 00931 03156 05604 00475 07563 06353 05328 02834 03497 09790 09034 03435 03528 02876 07668 06897 09752 05202 00231 03123 02307 00787 08727 02745 04546 04683 08308 00844 04472 07280 08095 09553 05356 05682 08271 07187 08731 03193 09320 02047 04761 06175 07509 00998 09854 05471 07124 02438 03802 00218 01864 06451 05174 07426 02620 02042
Row  27: 04200 00082 08293 09355 05577 07740 04065 06575 07526 02654 05413 01392 09283 08325 02536 03645 04516 01666 06683 08373 07313 01363 06368 06897 09737 03730 03011 01168 06856 05645 04586 08685 08593 09384 08404 00490 09041 04181 08140 04020 02009 00937 03709 00927 02711 01177 07734 03465 06505 00539 03913 01353 05335 03596 09625 02553 05379 07915 01507 00774 07420 02062 06256 05647 04768 06875 07500 00009 00970 07088 08854 05489 08914 01441 04105 00508 00879 07913 01387 08748 04895 09599 09943 04390 09043 04331 03116 01622 02274 07415 01510 01052 05278 07874 07428 02825 02551 05152 05258 05866
Row  28: 06616 01602 00281 08111 01199 09930 03098 09877 07777 07711 01116 01611 01190 09056 05648 04855 05501 00163 06327 02724 02419 01974 07438 03815 01543 04379 07923 02357 05750 05029 02932 03222 02203 00325 02569 06933 03320 02010 01059 05910 01075 07531 03107 00705 00575 07529 02988 08844 04454 05483 08374 07459 05944 04420 02038 03845 04552 05248 04887 08782 08272 07292 09277 07788 08859 05983 08362 06256 05678 07818 01893 09397 09713 01354 05486 08677 07741 04148 04857 05700 00036 03649 04977 07767 06775 07538 03866 06604 00458 05889 08997 09713 01395 09518 01885 08526 02655 05552 05256 05606
Row  29: 00611 01193 09367 06702 00223 02317 01784 08493 09331 03101 00133 03385 08589 08959 05929 02956 05699 09964 06464 06440 04067 06764 06421 02171 07148 04800 00053 05334 03437 03767 06785 08590 09092 09253 05352 05202 00231 03126 02660 06026 02680 08088 08850 05005 00565 06513 01376 07663 06354 05497 09712 01226 02626 02674 07495 09549 04952 05213 01315 01540 04015 01590 09068 06899 09916 01634 03496 09649 04965 06519 01951 05150 05059 05961 06139 03947 04795 09534 03482 08260 06091 09154 05419 01967 06714 01404 00481 08156 05622 02273 07307 00714 01436 03659 05990 09030 03071 07121 02172 07200
Row  30: 00081 08162 06247 04709 00996 09621 02149 04959 05960 06019 01955 05575 07550 05094 09477 07713 01345 04507 00774 07402 00269 06901 00140 04071 07108 00810 01078 07801 00108 00874 07469 06943 04325 02557 05784 08495 09524 02433 03328 02855 05514 01493 09361 06168 06879 07948 04881 08124 02437 03762 06229 02984 08460 06020 02041 04137 03754 05459 05979 07917 01725 02518 01833 03335 03521 02137 03753 05354 05401 00119 01960 06058 05871 07114 01480 08080 08037 03708 00806 00612 01222 02294 09426 02681 08159 05989 08993 09341 04123 02397 09718 01819 01944 04403 00384 08493 09319 01950 05019 01913
Row  31: 01303 00320 02021 02177 07772 07215 01552 05228 02853 05348 04888 08885 08591 09156 05666 06670 07069 06929 02996 09644 04426 02646 04685 08525 02582 08279 07910 01010 01092 09235 03569 06918 01813 01338 03827 02787 08765 06514 01485 08561 06129 02947 04747 04760 06065 06575 07589 08994 09434 03474 07465 06543 04325 02542 04207 00726 02687 08732 03235 03516 01687 08727 02704 00495 09568 06822 02263 06345 04555 05574 07493 09378 07818 01827 02790 09016 01669 06979 07925 02565 06548 04892 09230 03028 02815 01565 06572 07253 05327 02754 05436 03619 01970 07052 05287 08788 08849 04923 02353 05371
Row  32: 07191 09141 04127 02779 07968 06859 05947 04736 03657 05716 01693 09307 00762 06232 03256 05635 03587 08763 06393 09385 08588 08896 09687 08731 03169 06998 09886 08675 07534 03447 04727 02716 01660 06067 06757 05758 05838 03851 05192 09257 05723 02395 09508 00831 03197 09763 06379 07925 02553 05301 00184 08467 06729 02940 04005 00581 08154 05416 01630 03039 03980 08093 09360 06002 00220 02010 01044 04467 06756 05671 07142 04292 09220 02014 01481 08175 07536 03665 06577 07728 02834 03451 05138 03878 07858 05806 00656 05639 03936 03674 07462 06208 00828 02876 07650 05037 03775 07532 03250 05043
Row  33: 04384 08400 00078 07876 07630 03061 06153 05399 09991 09149 04973 07390 09053 05333 03349 04949 04985 08531 03149 04908 00858 05890 09097 09782 08213 01343 04343 04358 05810 01004 00469 06995 09540 04010 01056 05689 08951 05155 05533 03390 09053 05312 01260 06002 00274 07414 01400 00015 01533 03389 08987 08738 03812 01258 05876 07613 01303 00310 01091 09110 01071 07182 08218 01832 03227 02713 01357 05701 00180 08052 05236 03692 09266 06621 02138 03892 09238 03878 07898 09847 04772 07289 08947 04764 06470 07009 00939 03920 02031 03181 08110 01069 06951 05162 06262 06272 07259 05968 06852 05276
Row  34: 07676 07660 06033 03375 07520 02055 05568 06886 08625 02590 09049 04923 02382 08207 00733 03344 04400 00003 00324 02433 03367 06749 04970 07018 01826 02612 01292 09227 02718 01836 03622 02278 07848 04880 08063 06325 02534 03447 04728 02839 03915 01538 03882 08289 08977 07710 01078 07883 08353 05372 07291 09136 03664 06417 01791 09122 02293 09350 05052 05200 00072 07299 09962 06276 07686 08687 08709 00987 08700 00068 06817 01754 05450 05038 03814 01456 05621 02155 05511 01170 07016 01609 00977 07784 08483 08351 05169 06929 02995 09503 00333 03363 06323 02345 04531 03103 00393 09399 09964 06478
Row  35: 07815 01519 01949 04967 06737 03773 07368 06895 09505 00520 02028 02822 02243 04361 06133 03386 08616 01649 04946 04621 02137 03751 05108 00838 03861 06168 06882 08216 01688 08823 02352 05266 06609 00969 06983 08329 02974 07429 02979 07922 02214 01493 09304 00450 05077 07730 03091 09151 05122 02275 07566 06674 07419 01965 06543 04362 06265 06582 08250 05026 02623 02350 05008 00826 02619 01972 07262 06271 07106 00687 08796 09665 06562 06249 04912 01281 08172 07236 03625 02538 03854 05420 02054 05405 00588 08863 06398 09889 08952 05229 02906 00672 07263 06334 03428 02839 03910 01030 03069 06921
Row  36: 02181 08136 03697 09721 02134 03459 05913 01311 01196 09686 08621 02160 06058 05872 07299 09924 02426 02687 08750 05081 08194 09407 00748 04862 06208 00817 01795 09504 00450 05016 01665 06549 04932 03227 02747 04726 02664 06491 09185 08588 08823 02305 00553 05392 09216 01632 03252 05207 00786 08638 03846 04611 01171 07199 09938 03805 00595 09583 08306 00666 06686 08650 05028 02847 04727 02709 00908 00891 09123 02317 01777 07776 07650 05095 09580 08045 04565 06510 01000 00018 01872 07245 04575 07519 01955 05539 03907 00778 07825 02512 01245 04562 06281 08110 01088 08878 07814 01405 00585 08551
Row  37: 05190 09064 06435 03569 06938 03883 08346 04682 08256 05609 00909 00919 01933 03317 01758 05847 04722 02269 06977 07799 09944 04463 06317 01702 00263 06384 08406 00675 07532 03247 04782 08258 05818 01827 02736 03645 04551 05112 01271 07189 08967 06796 09630 03072 07280 08019 01997 09776 07688 08877 07731 03105 00526 02646 04624 02410 01048 04868 06816 01621 02118 01869 06985 08525 02593 09344 04457 05790 09012 01233 03363 06368 06810 01039 03949 04999 09931 03197 09773 07385 08568 06888 08817 01759 05957 05785 08591 09115 01547 04731 03154 05427 02735 03582 08219 01912 01252 05268 06811 01160
Row  38: 06079 07932 03270 07097 09793 09349 04992 09226 02693 09372 07209 00936 03687 08763 06395 09580 08069 06902 00247 04759 05959 05924 02421 02148 04833 03373 07388 08802 00271 07131 03199 09951 05124 02491 09125 02505 00575 07584 08470 07043 04338 03842 04245 04518 01860 06085 08531 03164 06445 04543 04304 00428 02819 01967 06736 03698 09830 03033 03365 06573 07327 02718 01895 09591 09148 04841 04168 06867 06780 08084 08404 00442 04232 03250 05033 03304 00412 01239 03956 05687 08769 06963 06329 02934 03467 06777 07738 03894 09414 01462 06213 01313 01357 05797 09701 00147 04734 03484 08467 06749
Row  39: 04911 01163 06345 04526 02640 04076 07668 06821 02148 04851 05179 07981 08138 03864 06420 02092 09230 03085 08526 02658 05809 00996 09650 05054 05495 09587 08791 09102 00262 06282 08234 03454 05461 06165 06558 05856 05629 02901 00122 02297 09764 06478 07836 03695 09518 01855 05516 01657 05782 08239 03936 03677 07790 09009 00925 02501 00114 01428 02855 05546 04626 02652 05211 01157 05715 01579 07999 09919 01998 09809 00913 01339 03942 04242 04282 08248 04830 03014 01486 08619 01994 09454 05419 01975 07558 05813 01328 02818 01807 00774 07445 04597 09789 08994 09447 04741 04138 03848 04829 02919
Row  40: 01913 01337 03724 02498 09806 00635 03514 01417 01746 04656 05617 01754 05404 00418 01862 06245 04571 07100 00015 01503 00363 06379 07999 09961 06182 08253 05385 08512 01292 09248 04848 04857 05721 02178 07848 04820 02063 06318 01834 03431 03156 05673 07363 06380 08006 00685 08507 00794 09429 02954 05406 00647 04744 04497 09797 09796 09614 01416 01648 04881 08197 09716 01689 08985 08576 07656 05631 03133 03398 09842 04255 05595 09594 09425 02576 07693 09348 04882 08288 08859 05914 01420 02096 09658 05880 08097 09729 02955 05545 04583 08308 00820 02016 01619 01948 04884 08439 03973 07339 03938
Row  41: 03897 09798 09870 07044 04477 07717 01783 08395 09588 08853 05337 03731 03111 01153 05320 02038 03811 01114 01431 03181 08104 00483 08393 09300 00051 05140 04013 01383 08383 08354 05432 03272 07275 07530 03006 00662 06285 08597 09759 05987 08786 08671 07141 04109 00910 01070 07095 09547 04745 04552 05217 01722 02231 03125 02561 06133 03310 01041 04114 01460 06023 02343 04329 02919 01921 02112 01285 08598 09898 09824 02409 00922 02256 05684 08454 05474 07457 05785 08530 03056 05615 01540 04040 04073 07317 01760 06050 05049 04943 04351 05113 01325 02526 02652 05231 03176 07677 07703 00369 06924
Row  42: 02478 07875 07566 06638 03815 01510 01061 06153 05336 03685 08519 01928 02886 08620 02043 04306 00680 08051 05160 06003 00346 04635 03528 02815 01515 01544 04404 00457 05778 07803 00312 01271 07164 06453 05330 03079 07944 04495 09501 00167 06793 09384 08484 08403 00320 02098 09836 03610 01095 09554 05448 04810 01084 08499 09972 07262 06264 06420 02011 01116 01658 05861 06169 06910 01008 00871 07120 02055 05526 02654 05404 00459 05952 05263 06324 02441 04121 02194 09490 09037 03705 00562 06284 08482 08274 07457 05749 04924 02422 02281 08187 08760 06069 06955 05584 08497 09741 04124 02420 02088
Row  43: 08824 02464 06435 03572 07269 06991 09182 08290 09035 03553 05352 05260 06013 01306 00602 00285 08557 05709 00966 06671 07173 07332 03267 06724 02461 06101 00195 09599 09955 05571 07142 04209 00986 08628 02866 06642 04204 00453 05344 04420 02002 00209 00903 00307 00760 06001 00111 01135 03515 01599 09917 01748 04836 03667 06723 02377 07761 06142 04221 02188 08839 03906 00657 05756 05608 00880 08082 08230 03091 09197 09720 02011 01141 04168 06800 00066 06650 05035 03564 06453 05381 08190 09005 00518 01858 05844 04468 06899 09995 09584 08447 04721 02150 05053 05300 00018 01841 04155 05542 04232
Row  44: 03217 01742 04259 05907 00736 03656 05619 01981 08134 03450 05077 07762 06242 04213 01385 08552 05242 04262 06284 08480 08080 08063 06333 03344 04488 08888 08843 04385 08591 09130 03003 00351 05191 09175 07506 00680 08066 06692 09275 07571 07184 08417 01731 03146 04672 07297 09726 02691 09198 09825 02555 05518 01870 07056 05680 08028 02814 01435 03560 06017 01746 04626 02662 06222 02298 09837 03784 08402 00277 07757 05768 06832 03286 08674 07462 06210 01034 03452 05277 07757 05727 02705 00590 09050 05011 01137 03780 08045 04504 00447 04780 08005 00526 02627 02742 04208 00859 05905 00509 00965
Row  45: 06510 01079 07940 04075 07594 09406 00674 07480 08063 06305 00599 09940 04087 08761 06184 08430 03088 08890 09063 06329 02975 07536 03614 01429 02917 01748 04846 04622 02247 04781 08188 08858 05842 04267 06720 02036 03613 01372 07284 08424 02456 05691 09189 08994 09413 01360 06079 07941 04165 06524 02403 00380 08052 05297 09785 08537 03771 07114 01486 08697 09730 03079 07973 07322 02246 04677 07725 02576 07630 03031 03116 01614 01444 04414 01499 09960 06098 09801 00193 09333 03372 07276 07683 08353 05370 07098 09829 02921 02158 05802 00294 09444 04490 09031 03141 04194 09450 05066 06630 03035
Row  46: 03545 04550 05031 03141 04179 07952 05214 01413 01300 00081 08144 04445 04551 05152 05237 03765 06598 09878 07880 08062 06221 02113 01384 08419 01927 02709 00980 08002 00258 05819 01903 00322 02245 04542 04294 09474 07439 03925 02537 03741 04195 09502 00240 04030 03003 00390 09027 02787 08751 05134 03495 09572 07207 00747 04709 00984 08415 01572 07230 03069 06967 06767 06711 01128 02860 06070 07015 01540 04024 02479 07920 02010 01093 09345 04548 04801 00126 02675 07572 07216 01694 09401 00135 03533 03368 06885 08584 08459 05980 08017 01721 02186 08667 06715 01586 08670 07022 02287 08758 05899
Row  47: 09981 08150 05003 00326 02653 05384 08409 00905 00544 04427 02700 00010 01053 05322 02230 03063 06304 00462 06210 01054 05487 08778 07883 08308 00812 01299 09982 08290 09014 01435 03529 02943 04338 03860 06046 04630 03091 09177 07779 07965 06538 03829 02921 02194 09484 08474 07406 00656 05642 04268 06812 01220 02037 03733 03342 04296 09657 05758 05898 09898 09857 05742 04249 04917 01715 01594 09496 09686 08647 04791 09175 07585 08539 03981 08113 01356 05680 08047 04781 08106 00692 09233 03371 07123 02372 07281 08199 09902 00273 07354 05441 04191 09154 05482 08285 08592 09209 00911 01158 05817
Row  48: 01719 01964 06416 01632 03276 07631 03114 01425 02571 07145 04564 06409 00906 00652 05218 01865 06544 04456 05668 06807 00712 01222 02221 02197 09727 02783 08392 09230 03067 06772 07214 01480 08000 00089 08979 07927 02718 01848 04879 07926 02608 00820 02030 03084 08488 08835 03594 09418 01837 03761 06115 01519 01939 03927 02734 03415 01565 06547 04772 07213 01315 01506 00626 02668 06846 04662 06227 02753 05374 07455 05550 05012 01206 00660 06044 04412 01215 01515 01536 03623 02345 04530 03010 01024 02415 01563 06370 07081 08118 01851 05134 03465 06594 09491 09168 06879 07957 05733 03399 09928
Row  49: 02859 05902 00204 00457 05731 03179 07919 01909 00966 06687 08730 03066 06679 07917 01753 05302 00206 00649 04960 06012 01295 09590 09037 03771 07108 00876 07694 09435 03596 09613 01367 06755 05556 05658 05856 05675 07579 07917 01770 07051 05187 08708 00870 07070 07014 01410 01066 06612 01251 05165 06599 09948 04898 09818 01881 08117 01785 08595 09591 09155 05511 01189 08908 00839 03946 04659 05919 01973 07392 09268 06820 02002 00269 06983 08367 06761 06147 04735 03535 03532 03211 01108 00844 04489 08984 08459 05927 02707 00739 03908 00825 02531 03139 03923 02306 00644 04497 09705 00567 06738
Row  50: 03880 08042 04233 03354 05476 07636 03665 06535 03537 03741 04130 03006 00610 01074 07467 06797 09728 02877 07799 09921 02164 06472 07248 04869 06910 01075 07518 01893 09384 08472 07286 08654 05407 00732 03216 01620 02027 02785 08503 00338 03805 00536 03664 06488 08816 01616 01623 02313 01342 04255 05562 06269 06967 06795 09501 00148 04870 07001 00190 09075 07567 06723 02370 07016 01661 06108 00800 00030 03049 04901 00127 02752 05283 08300 00086 08626 02654 05457 05751 05172 07285 08573 07393 09346 04621 02113 01388 08805 00509 00906 00697 09768 06893 09320 02088 08869 06954 05408 00894 09400
Row  51: 00036 03631 03101 00102 00217 01749 04922 02204 00479 07921 02154 05418 01883 08346 04690 09089 08920 02074 07474 07475 07593 09343 04301 00113 01303 00327 02713 01398 09822 02255 05573 07383 08313 01327 02722 02291 09171 07168 06856 05682 08224 02442 04223 02368 06863 06380 08048 04810 01001 00182 08215 01581 08162 06286 08635 03549 04913 01322 02226 02613 01395 09567 06726 02626 02620 02019 01988 08833 03346 04627 02757 05756 05678 07851 05113 01350 05030 03058 05815 01584 08424 02455 05512 01297 09781 08195 09569 06949 04969 06952 05206 00623 02366 06604 00488 08873 07301 00146 04658 05862
Row  52: 06254 05457 05780 08032 03271 07103 00373 07365 06583 08304 00407 00757 05768 06899 09946 04667 06770 07095 09514 01448 04860 06061 06133 03323 02327 02722 02283 08328 02875 07564 06420 02030 03034 03478 07895 09537 03736 03648 04868 06850 05080 08042 04249 04991 09130 03005 00579 07974 07479 07947 04757 05710 01057 05751 05150 05040 04083 08301 00111 01101 00117 01740 04081 08117 01790 09039 03948 04842 04288 08827 02735 03521 02145 04588 08835 03560 06045 04518 01807 00795 09571 07196 09663 06360 06047 04702 00206 00623 02371 07143 04309 00969 06954 05456 05675 07518 01865 06533 03305 00562
Row  53: 06204 00405 00536 03622 02280 08009 00915 01571 07178 07893 09303 00395 09596 09630 03039 03966 06676 07622 02258 05839 03967 06788 08819 01902 00289 08994 09411 01116 01608 00816 01699 09917 01764 06471 07197 09713 01313 01353 05375 07560 06046 04637 03734 03406 00625 02503 00310 01050 05043 04380 08075 07544 04494 09477 07792 09215 01591 09176 07683 08301 00112 01226 02635 03580 08055 05540 04066 06611 01121 02123 02352 05241 04160 06081 08184 08451 05192 09222 02257 05784 08489 08982 08299 09996 09642 04241 04172 07227 02744 04471 07199 09993 09381 08195 09528 02844 04437 03738 03811 01127
Row  54: 02723 02305 00560 06075 07583 08398 09894 09455 05597 09742 04268 06850 05016 01694 09499 09911 01106 00624 02470 07013 01377 07741 04192 09276 07635 03511 01147 04716 01624 02448 04892 09277 07755 05508 00862 06249 04992 09234 03472 07248 04821 02135 03553 05363 06326 02656 05618 01809 00934 03440 04016 01616 01631 03121 02105 00575 07591 09153 05391 09124 02477 07709 00914 01438 03871 07111 01114 01405 00580 08069 06903 00387 08756 05607 00792 09280 08013 01382 08254 05490 09053 05320 02096 09659 05939 03961 06151 05136 03631 03118 01874 07420 02046 04664 06431 03118 01823 02337 03780 08030
Row  55: 03051 05183 08315 01514 01421 02107 00740 04077 07733 03329 02999 09996 09610 01071 07199 09989 08999 09939 03947 04710 01079 07935 03584 08441 04104 00439 03979 07932 03281 08114 01421 02186 08624 02473 07395 09599 09962 06223 02390 09058 05864 06455 05576 07655 05576 07652 05224 02423 02340 04037 03776 07623 02399 09958 05802 00265 06504 00432 03222 02216 01690 09080 08037 03740 04066 06693 09365 06549 04906 00619 01922 02267 06725 02575 07591 09176 07681 08146 04668 06843 04351 05175 07565 06571 07148 04866 06637 03702 00278 07856 05626 02620 02053 05334 03455 05561 06139 03927 02702 00226
Row  56: 02690 09048 04861 06189 08972 07238 03869 06963 06344 04477 07723 02392 09219 01981 08124 02403 00394 09483 08384 08439 03900 00005 00573 07333 03323 02387 08788 08804 00488 08818 01866 06617 01765 06562 06261 06120 02095 09562 06292 09214 01474 07496 09697 09745 04515 01586 08627 02728 02881 08163 06364 06436 03626 02666 06628 02803 00335 03537 03739 03986 08608 00851 05191 09103 00316 01608 00879 07942 04257 05720 02098 09857 05730 03066 06659 05961 06142 04236 03697 09738 03884 08478 07895 09537 03709 00990 09008 00804 00484 08499 09946 04688 08869 06973 07370 07014 01494 09421 02147 04746
Row  57: 04650 05028 02870 07093 09341 04191 09158 05869 06933 03399 09965 06501 00190 09076 07615 01524 02458 05802 00236 03666 06658 05892 09256 05642 04213 01315 01578 07867 06723 02342 04221 02116 01637 03747 04711 01124 02424 02419 01909 00911 01143 04376 07663 06338 03840 04034 03420 02020 02075 07502 00236 03682 08267 06759 05915 01520 02043 04345 04578 07865 06504 00447 04711 01191 09169 06939 03925 02515 01527 02778 07864 06488 08872 07249 04953 05336 03632 03232 03216 01602 00272 07280 08082 08276 07669 06992 09293 09398 09866 06687 08782 08280 08093 09350 05041 04165 06523 02323 02386 08655
Row  58: 05531 03128 02874 07490 09023 02333 03355 05596 09691 09184 08441 04191 09126 02638 03844 04404 00427 02701 00167 06707 00708 00802 00202 00273 07395 09583 08318 01883 08317 01728 02892 09271 07128 02817 01739 03990 09023 02314 01437 03765 06586 08655 05552 05280 08094 09436 03646 04655 05516 01698 09845 04501 00174 07406 00672 07290 09023 02304 00443 04352 05205 00502 00286 08664 06495 09591 09176 07659 05948 04881 08140 04006 00614 01411 01172 07237 03760 06048 04873 07306 00651 05135 03562 06258 05865 06505 00500 00004 00490 09056 05661 06111 01154 05425 02584 08490 09012 01216 01651 05194
Row  59: 09464 06411 01148 04860 06042 04280 08054 05441 04101 00179 07993 09322 02296 09627 02715 01504 00444 04469 06986 08604 00418 01818 01873 07300 00023 02373 07308 00856 05673 07364 06429 02982 08272 07287 08740 04057 05768 06840 04040 04079 07997 09791 09173 07313 01312 01236 03660 06079 07961 06184 08454 05472 07244 04407 00720 02001 00159 05973 07320 02090 09022 02260 06094 09433 03341 04172 07272 07272 07217 01707 00784 08439 03941 04178 07847 04751 05199 09965 06573 07306 00666 06688 08847 04753 05397 09774 07477 07754 05428 02836 03609 00947 04767 06793 09371 07127 02744 04452 05252 05210
Row  60: 01039 03984 08460 06062 06206 00648 04894 09483 08362 06253 05370 07081 08148 04890 09009 00916 01694 09493 09311 01144 04449 04900 00076 07666 06691 09133 03369 06993 09313 01379 07958 05822 02237 03736 03647 04737 03726 02635 03566 06676 07685 08522 02260 06049 04989 08967 06735 03541 04199 09911 01180 08049 04900 00076 07655 05589 08947 04762 06219 01927 02788 08802 00272 07246 04614 01477 07796 09672 07271 07146 04665 06505 00578 07811 01139 03935 03538 03859 05999 09986 08635 03559 05956 05645 04550 05060 06053 05377 07738 03810 01041 04131 03106 00610 01051 05148 04823 02377 07724 02447
Row  61: 04762 06240 04049 04942 04290 09094 09424 02422 02243 04310 01059 05955 05563 06357 05711 01108 00864 06423 02370 07016 01664 06474 07413 01394 09454 05406 00613 01331 03128 02897 09798 09860 06077 07716 01688 08834 03488 08861 06148 04897 09729 02962 06275 07560 06050 05077 07730 03044 04440 04097 09792 09258 05871 07153 05370 07021 02183 08349 04949 04911 01197 09735 03599 09948 04897 09773 07311 01105 00579 07995 09516 01647 04715 01536 03690 09026 02658 05873 07341 04158 05851 05147 04726 02692 09289 08992 09260 06095 09579 07977 07770 07072 07258 05830 03060 06061 06139 03922 02272 07242
Row  62: 04216 01618 01869 06985 08520 02072 07240 04009 00962 06273 07303 00337 03723 02328 02838 03840 04039 03982 08224 02456 05689 08941 04166 06677 07731 03199 09972 07298 09878 07835 03564 06467 06711 01157 05732 03230 03059 05975 07545 04534 03494 09459 05932 03297 09728 02861 06169 06901 00171 07110 01044 04483 08349 04981 08152 05234 03467 06722 02222 02286 08670 07064 06494 09402 00280 08048 04828 02876 07666 06681 08105 00529 02935 03535 03501 00165 06564 06413 01368 06889 08979 07969 06947 04715 01595 09524 02431 03173 07304 00448 04860 06044 04482 08289 08936 03611 01178 07866 06686 08685
Row  63: 08567 06766 06697 09722 02287 08750 05063 06383 08321 02145 04524 02441 04107 00750 05061 06124 02492 09272 07258 05855 05527 02718 01803 00311 01109 00931 03118 01883 08332 03244 04493 09395 09573 07358 05821 02143 04369 06917 01752 05274 07476 07684 08414 01451 05121 02108 00854 05452 05245 04546 04676 07670 07091 09113 01392 09219 01982 08264 06436 03659 05945 04569 06935 03501 00195 09510 01044 04486 08687 08734 03459 05935 03586 08603 00357 05753 05388 08894 09453 05302 00234 03485 08583 08318 01871 07129 02905 00573 07383 08335 03519 01979 07936 03687 08711 01133 03325 02514 01446 04655
Row  64: 05538 03878 07863 06359 05962 06258 05806 00618 01875 07524 02406 00661 06184 08430 03059 05911 01107 00768 06854 05488 08817 01731 03120 02071 07146 04615 01572 07261 06160 06076 07633 03397 09735 03503 00365 06572 07246 04626 02689 08928 02854 05447 04702 00259 05947 04783 08311 01178 07808 00875 07595 09597 09740 04014 01428 02855 05506 00698 09878 07803 00374 07467 06792 09292 09248 04869 06995 09593 09326 02615 01538 03858 05857 05748 04855 05554 05495 09596 09690 09088 08883 08302 00262 06249 04981 08143 04397 09793 09302 00281 08102 00261 06180 08041 04179 07968 06850 05020 02098 09875
Row  65: 07505 00554 05432 03227 02760 06002 00237 03793 09325 02577 07764 06415 01540 04036 03696 09615 01587 08761 06113 01352 05293 09346 04663 06348 04821 02122 02243 04355 05506 00648 04808 00860 06080 08095 09560 06030 03092 09292 09246 04622 02216 01644 04424 02439 03906 00606 00676 07618 01834 03461 06156 05608 00882 08201 00140 04033 03364 06496 09668 06852 05203 00364 06428 02801 00186 08637 03713 01376 07678 07874 07445 04575 07585 08557 05771 07118 01854 05407 00744 04408 00832 03288 08844 04492 09281 08180 08041 04135 03593 09362 06271 07161 06185 08554 05484 08480 08050 05080 08079 07979
Row  66: 07915 01518 01869 06941 04100 00099 09968 06894 09454 05418 01828 02887 08748 04834 03422 02296 09681 08177 07786 08616 01678 07890 09066 06633 03365 06532 03267 06754 05474 07499 09967 06785 08577 07769 06927 02781 08110 01087 08781 08184 08403 00367 06710 01081 08132 03254 05436 03695 09525 02529 02916 01616 01613 01364 06421 02177 07703 00380 08016 01683 08383 08310 01071 07124 02449 04929 02918 01897 09740 04022 02232 03202 00212 01212 01280 08066 06619 01953 05362 06250 05042 04254 05493 09393 09393 09309 00936 03602 00223 02300 00011 01134 03491 09153 05347 04760 06013 01316 01616 01656
Row  67: 05605 00544 04470 07007 00744 04417 01731 03160 06020 02096 09646 04653 05349 04923 02336 03615 01527 02734 03467 06792 09290 09082 08247 04759 05963 06380 08091 09109 00995 09553 05347 04767 06725 02598 09803 00395 09546 04696 09647 04746 04653 05336 03617 01750 05048 04862 06214 01428 02827 02771 07122 02264 06479 07903 00352 05212 01243 04314 01436 03669 06985 08536 03660 06063 06370 07079 07943 04313 01346 04690 09096 09676 07624 02409 00982 08200 00073 07307 00754 05444 04425 02545 04582 08241 04118 01816 01660 06003 00356 05685 08532 03225 02559 05924 02439 03936 03695 09531 03101 00110
Row  68: 01053 05376 07607 00789 08995 09571 07136 03651 05188 08845 04554 05410 01058 05816 01618 01882 08257 05753 05337 03763 06342 04295 09583 08396 09653 05349 04978 07884 08476 07686 08693 09384 08496 09655 05521 02126 02603 00394 09480 08023 02391 09186 08622 02267 06728 02806 00619 01980 08021 02111 01195 09561 06178 07844 04443 04303 00396 09610 01092 09263 06351 05117 01725 02570 07038 03889 08953 05387 08750 05079 07984 08481 08130 03024 02495 09507 00749 04916 01698 09898 09824 02406 00651 05104 00423 02316 01690 09039 03921 02143 04308 00894 09402 00261 06186 08636 03679 07901 00194 09439
Row  69: 03955 05537 03764 06495 09547 04775 07510 01097 09701 00121 02183 08313 01352 05208 00849 04940 04078 07860 06069 06916 01674 07464 06445 04527 02701 00125 02596 09686 08668 06895 09533 03369 06997 09707 00769 06940 04034 03475 07589 08934 03477 07797 09724 02472 07220 02029 02984 08448 04874 07489 08932 03203 00387 08791 09161 06148 04837 03776 07633 03390 09037 03755 05545 04542 04207 00740 04075 07533 03380 08024 02470 07099 09987 08751 05140 04041 04115 01597 09757 05702 00293 09322 02248 04836 03666 06611 01100 00088 08856 05694 09428 02802 00295 09590 09011 01165 06594 09421 02121 02186
Row  70: 08620 02085 08541 04169 06978 07815 01521 02146 04693 09364 06497 09794 09435 03568 06880 08040 04019 01939 03929 02970 07051 05132 03249 04994 09444 04419 01997 09755 05592 09250 05009 00956 05694 09426 02660 06096 09674 07462 06255 05582 08281 08137 03776 07606 00684 08416 01691 09194 09476 07692 09247 04796 09609 00921 02155 05573 07358 05885 08565 06563 06394 09448 04877 07720 02076 07622 02248 04876 07621 02121 02162 06290 09020 02001 00124 02412 01294 09441 04191 09118 01891 09181 08158 05897 09744 04488 08826 02641 04132 03227 02760 06039 03961 06147 04753 05398 09887 08744 04408 00835
Row  71: 03590 09075 07551 05161 06130 03029 02972 07226 02666 06674 07463 06317 01780 08012 01272 07215 01560 06009 00996 09637 03756 05683 08347 04791 09162 06218 01885 08534 03447 04791 09196 09692 09255 05520 02007 00702 00280 08099 09999 09938 03862 06295 09526 02617 01728 02869 06989 08962 06254 05489 08917 01786 08612 01266 06659 05911 01106 00666 06687 08721 02198 09853 05395 09507 00723 02352 05219 01976 07611 01175 07548 04810 01093 09374 07499 09964 06498 09815 01550 05098 09847 04752 05257 05794 09481 08139 03987 08721 02170 07056 05635 03578 07861 06101 00139 03982 08256 05604 00455 05554
Row  72: 05456 05613 01365 06585 08508 00893 09310 01046 04686 08626 02653 05347 04781 08151 05192 09297 09758 05886 08675 07527 02795 09577 07753 05384 08447 04729 02944 04451 05154 05473 07353 05391 09124 02458 05865 06528 02840 04038 03841 04184 08456 05606 00650 05066 06682 08209 00956 05667 06740 04098 09804 00424 02434 03409 00947 04778 07896 09697 09784 08450 05023 02361 06149 04909 00933 03323 02343 04325 02583 08316 01680 08020 02017 01738 03855 05589 08953 05313 01306 00640 04028 02811 01133 03331 03150 05021 02126 02695 09518 01883 08386 08646 04687 08746 04616 01633 03360 06084 08471 07132
Row  73: 03218 01858 05847 04707 00771 07140 04056 05682 08206 00620 02052 05270 07097 09761 06119 01979 07963 06380 08057 05701 00105 00507 00706 00625 02598 09844 04472 07210 01076 07665 06515 01563 06309 00972 07274 07489 08965 06525 02534 03497 09793 09353 05360 06087 08750 05004 00464 06464 06487 08742 04232 03288 08839 03969 06990 09004 00443 04377 07725 02566 06671 07107 00753 05389 08912 01221 02198 09899 09918 01810 01005 00566 06660 06031 03137 03755 05582 08283 08351 05196 09623 02358 05831 03187 08794 09441 04122 02217 01778 07826 02690 09033 03328 02861 06133 03396 09613 01312 01234 03430
Row  74: 03049 04999 09908 00897 09737 03737 03798 09811 01182 08281 08120 02006 00681 08104 00491 09132 03216 01670 07049 04944 04475 07564 06465 06561 06186 08607 00744 04457 05759 05900 00086 08607 00779 07925 02563 06369 06938 03813 01352 05207 00783 08365 06560 06050 05085 08539 03904 00412 01275 07520 02089 08909 00941 04110 01069 06982 08253 05356 05620 02041 04145 04564 06486 08639 03976 07688 08835 03544 04468 06868 06847 04782 08253 05382 08274 07436 03664 06470 07079 07955 05571 07181 08168 06820 02046 04677 07702 00258 05809 00960 06040 04055 05500 00007 00786 08680 08051 05114 01487 08700
Row  75: 00001 00175 07576 07685 08500 00072 07210 01001 00102 00200 00033 03311 01139 03969 06934 03446 04611 01100 00032 03243 04387 08769 06966 06628 02807 00707 00723 02371 07178 07809 00939 03935 03583 08349 04933 03394 09470 07033 03305 00578 07810 01004 00433 03301 00120 02022 02220 02038 03809 00994 09498 09879 07985 08539 03977 07788 08850 05073 07324 02475 07573 07380 08084 08457 05713 01337 03775 07565 06555 05581 08144 04483 08341 04117 01717 01769 06909 00916 01622 02246 04628 02874 07492 09273 07371 07155 05543 04397 09733 03311 01184 08461 06102 00262 06216 01652 05268 06851 05198 09802
Row  76: 00222 02290 09073 07336 03635 03530 03080 08096 09658 05853 05381 08171 07196 09665 06552 05286 08697 09759 05943 04362 06253 05397 09743 04305 00586 08671 07139 03997 09714 01431 03162 06233 03302 00250 05093 09353 05370 07059 05978 07813 01328 02898 09892 09208 00816 01641 04126 02630 03052 05275 07544 04412 01285 08522 02210 01060 06075 07512 01287 08766 06642 04264 06451 05170 07016 01681 08106 00602 00231 03141 04156 05684 08457 05738 03888 08842 04276 07660 06066 06670 07004 00491 09150 05006 00645 04529 02971 07154 05489 08951 05118 01820 02052 05219 01929 02987 08768 06881 08169 06942
Row  77: 04274 07420 02010 01040 04003 00320 02060 06017 01764 06484 08400 00022 02276 07696 09686 08625 02537 03796 09608 00849 04922 02273 07319 01941 04111 01120 02080 08070 07012 01273 07300 00036 03625 02512 01243 04314 01402 00262 06256 05674 07482 08248 04858 05833 03344 04478 07800 00078 07861 06145 04556 05635 03550 05041 04136 03645 04585 08558 05895 09546 04688 08807 00790 09041 04191 09126 02686 08628 02834 03420 02066 06608 00858 05842 04274 07465 06549 04988 08851 05133 03328 02863 06382 08233 03357 05714 01488 08875 07572 07278 07827 02785 08557 05751 05178 07829 02944 04476 07681 08178
Row  78: 07889 08983 08335 03508 00846 04672 07258 05880 08027 02752 05241 04154 05411 01119 01999 09983 08342 04235 03559 05990 09032 03295 09530 03014 01492 09269 06953 05391 09122 02281 08108 00822 02221 02151 05183 08330 03042 04215 01539 03919 01934 03481 08132 03295 09580 08056 05675 07548 04878 07882 08217 01741 04163 06382 08299 09941 04101 00184 08459 05901 00139 03935 03589 08904 00473 07357 05710 01063 06389 08920 02057 05711 01117 01747 04750 05045 04508 00831 03121 02119 01944 04469 06961 06138 03840 04055 05578 07878 07890 09027 02799 09972 07279 07951 05121 02127 02758 05844 04487 08775
Row  79: 07519 01939 03908 00894 09460 06005 00560 06021 02157 05792 09253 05307 00762 06252 05213 01344 04485 08569 06915 01577 07761 06146 04610 01014 01416 01623 02321 02146 04676 07610 01059 05997 09736 03600 00016 01641 04153 05386 08636 03605 00549 04959 05981 08115 01575 07559 05932 03263 06351 05103 00391 09147 04750 05023 02370 07055 05569 06993 09386 08618 01814 01428 02865 06586 08646 04673 07318 01803 00304 00491 09154 05472 07268 06823 02353 05310 01021 02168 06850 05032 03288 08868 06894 09457 05789 08936 03635 03586 08679 07927 02791 09151 05166 06617 01765 06524 02473 07319 01901 00116
Row  80: 01601 00132 03214 01498 09814 01497 09724 02440 04054 05447 04795 09589 08980 08001 00196 09632 03299 09927 02731 03132 03228 02838 03865 06533 03351 05139 03928 02849 04958 05879 07999 09924 02458 05805 00568 06806 00636 03642 04240 04023 02358 05882 08239 03919 01968 06874 07443 04361 06101 00100 00053 05352 05288 08817 01715 01514 01455 05536 03682 08233 03393 09386 08667 06722 02250 05037 03756 05681 08134 03401 00178 07830 03078 07891 09104 00415 01547 04785 08503 00382 08275 07563 06316 01647 04777 07791 09186 08681 08190 09027 02736 03666 06663 06329 02925 02533 03326 02660 06095 09520
Row  81: 02093 09391 09106 00635 03578 07886 08689 08901 00149 04909 00934 03410 01043 04351 05139 03962 06236 03601 00118 01889 08919 01919 01905 00598 09885 08508 00820 02081 08189 08965 06575 07535 03506 00664 06400 00004 00469 06921 02142 04249 04934 03474 07472 07297 09773 07340 04063 06374 07462 06210 01043 04373 07352 05201 00113 01327 02709 00947 04749 04962 06266 06609 00942 04250 05036 03691 09181 08183 08376 07626 02628 02871 07128 02830 03048 04880 08062 06274 07447 04706 00643 04371 07181 08167 06709 00950 05003 00372 07233 03310 01088 08844 04401 00113 01378 07868 06872 07255 05597 09710
Row  82: 01080 08089 08976 07660 06029 02987 08753 05386 08682 08238 03887 08788 08841 04127 02725 02560 06092 09210 01050 05086 08606 00625 02524 02469 06907 00704 00444 04474 07420 02051 05145 04599 09913 01346 04678 07801 00124 02465 06598 09846 04643 04394 09456 05624 02482 08282 08297 09701 00132 03252 05284 08406 00658 05814 01412 01201 00153 05350 05007 00754 05480 08086 08610 01015 01558 05834 03448 04895 09535 03590 09076 07662 06215 01501 00166 06616 01691 09196 09690 09064 06469 06964 06475 07587 08745 04588 08843 04305 00560 06088 08854 05488 08810 01012 01237 03799 09912 01274 07492 09277
Row  83: 07796 09628 02861 06166 06699 09904 00463 06357 05701 00139 03920 02099 09962 06255 05563 06348 04879 07964 06491 09147 04764 06407 00704 00430 03047 04725 02569 06944 04414 01432 03297 09748 04852 05255 05558 05877 07703 00331 03131 03125 02554 05468 06895 09554 05455 05529 02934 03438 03898 09873 07341 04179 07998 09891 09119 01904 00427 02722 02294 09420 02007 00771 07187 08756 05610 01064 06478 07897 09743 04352 05283 08360 06054 05421 02134 03451 05191 09106 00664 06481 08104 00440 04052 05206 00696 09693 09378 07880 08056 05602 00259 05922 02262 06221 02118 01895 09554 05448 04898 09843
Row  84: 04388 08861 06159 05936 03614 01480 08057 05718 01830 03078 07824 02493 09349 04954 05408 00812 01241 04152 05294 09471 07123 02301 00174 07408 00848 04819 01908 00838 03896 09649 04901 00137 03763 06349 04934 03496 09601 00118 01837 03761 06102 00249 04931 03162 06208 00807 00771 07156 05690 09000 00099 09901 00138 03867 06709 00928 02869 06954 05444 04487 08791 09109 00978 07890 09040 04017 01790 09070 07003 00311 01183 08364 06476 07669 06930 03063 06308 00897 09740 04028 02852 05211 01100 00073 07304 00410 01081 08176 07620 02004 00472 07262 06236 03624 02413 01358 05871 07105 00585 08540
Row  85: 04035 03584 08400 00081 08107 00768 06823 02381 08149 04904 00481 08137 03750 05001 00183 08374 07473 07332 03277 07735 03502 00204 00460 06049 04960 06043 04362 06290 09042 04221 02142 04241 04162 06272 07293 09379 07932 03212 01298 09864 06402 00237 03762 06233 03328 02873 07359 05985 08559 05999 09915 01532 03215 01508 00873 07361 06116 01666 06603 00303 00356 05645 04533 03304 00455 05566 06699 09979 07914 01409 00967 06770 07023 02331 03184 08465 06596 09677 07772 07261 06125 02527 02785 08545 04524 02419 01992 09256 05654 05449 04965 06573 07332 03259 05926 02641 04111 01162 06286 08672
Row  86: 07254 05413 01307 00700 00033 03300 00058 05815 01506 00669 06901 00198 09862 06245 04541 04115 01579 07938 03883 08307 00772 07260 06066 06626 02656 05699 09971 07137 03772 07277 07726 02649 04997 09719 01952 05294 09417 01711 01101 00197 09787 08723 02337 03705 00535 03567 06725 02585 08572 07206 00623 02319 01968 06872 07296 09632 03233 03376 07662 06286 08624 02447 04766 06631 03198 09833 03366 06634 03446 04694 09405 00590 09033 03350 05097 09767 06730 03089 08978 07821 02190 09029 02917 01742 04294 09409 00916 01614 01405 00589 08920 02025 02582 08234 03488 08894 09495 09537 03729 02965
Row  87: 06558 05884 08411 01135 03524 02459 05930 03054 05420 02019 01980 08044 04491 09110 01080 08005 00516 01669 06976 07600 00027 02773 07387 08727 02733 03378 07804 00465 06514 01456 05668 06887 08711 01151 05117 01752 05261 06180 08056 05613 01349 04987 08730 03080 08068 06828 02834 03444 04495 09570 07010 01049 04959 05923 02394 09487 08751 05185 08524 02414 01471 07171 07101 00149 04939 03979 07911 01132 03269 06980 08017 01731 03164 06476 07651 05141 04189 08984 08441 04189 08999 09913 01315 01548 04880 08037 03745 04501 00152 05262 06243 04320 02033 03312 01255 05529 02939 03941 04157 05734
Row  88: 03449 04986 08652 05298 09814 01431 03124 02465 06589 08989 08935 03553 05328 02839 03968 06885 08526 02680 08024 02415 01578 07803 00303 00365 06590 09027 02723 02340 04033 03342 04234 03461 06134 03496 09661 06173 07367 06709 00917 01796 09653 05398 09806 00629 02991 09165 06599 09965 06577 07701 00164 06465 06532 03258 05880 08039 03994 09404 00419 01956 05659 05932 03202 00228 02878 07808 00834 03441 04168 06868 06820 02078 07856 05659 05980 08088 08811 01115 01530 03052 05281 08192 09229 02976 07673 07335 03598 09866 06655 05589 08939 03933 03394 09426 02605 00540 04064 06488 08848 04806
Row  89: 00678 07899 09983 08328 02814 01450 05074 07401 00103 00384 08498 09828 02876 07609 00920 02077 07779 07969 06984 08437 03723 02353 05329 02938 03815 01587 08751 05187 08760 06021 02178 07844 04472 07229 02995 09500 00083 08346 04676 07680 08085 08530 03050 05055 05586 08679 07983 08390 09010 01028 02812 01237 03704 00476 07650 05042 04202 00200 00092 09242 04286 08635 03531 03132 03202 00254 05418 01824 02488 08873 07368 06803 00319 01912 01209 00971 07146 04679 07992 09299 09947 04778 07892 09258 05888 08880 08077 07768 06840 04006 00631 03134 03434 03428 02883 08363 06350 05075 07507 00774
Row  90: 07461 06150 05023 02346 04601 00154 05490 09098 09865 06541 04159 05960 06005 00542 04223 02345 04506 00655 05577 07750 05099 09919 01911 01120 02059 05939 03957 05762 06297 09770 07097 09727 02767 06708 00866 06620 02034 03402 00293 09377 07732 03200 00088 08897 09703 00335 03548 04860 06071 07183 08395 09551 05148 04818 01877 07706 00687 08778 07880 08044 04437 03732 03226 02609 00937 03749 04980 08030 03010 01086 08654 05464 06485 08580 08038 03801 00186 08626 02638 03893 09359 05916 01658 05828 02835 03569 06937 03743 04385 08552 05224 02463 06394 09489 08938 03842 04223 02387 08716 01671
Row  91: 07157 05735 03501 00130 03029 02920 02006 00603 00380 08053 05366 06638 03823 02309 00922 02251 05190 09003 00371 07187 08778 07841 04132 03227 02729 02931 03196 09672 07294 09451 05112 01258 05889 08939 03934 03435 03500 00020 02044 04459 05910 01058 05851 05114 01477 07747 04708 00845 04594 09468 06894 09400 00094 09451 05184 08440 04019 01940 04055 05591 09185 08555 05589 08967 06793 09380 08045 04576 07668 06821 02120 02027 02782 08269 06972 07278 07810 01055 05588 08837 03780 08040 04046 04663 06377 07763 06323 02397 09759 05931 03108 00808 00823 02310 01005 00524 02467 06736 03610 01089
Row  92: 08965 06559 05996 09618 01875 07533 03303 00362 06262 06263 06338 03860 06029 02961 06168 06854 05484 08403 00333 03383 08366 06630 03073 07316 01639 03942 04265 06568 06807 00774 07446 04645 04511 01151 05102 00226 02647 04771 07134 03446 04699 09961 06158 05814 01467 06780 08035 03588 08813 01326 02629 02910 01040 04064 06427 02744 04453 05389 08905 00548 04879 07906 00676 07684 08446 04658 05823 02345 04511 01104 00414 01423 02368 06888 08822 02233 03304 00433 03304 00470 07051 05180 08072 07220 02097 09788 08803 00325 02551 05164 06407 00725 02542 04298 09893 09343 04373 07352 05230 03049
Row  93: 04965 06515 01592 09240 04053 05356 05694 09480 08099 09922 02250 05051 05131 03123 02344 04464 06420 02038 03878 07863 06360 06008 00859 05935 03516 01687 08764 06474 07478 07888 08846 04661 06126 02630 03006 00656 05685 08503 00349 04953 05388 08816 01642 04207 00784 08476 07620 02011 01167 06724 02496 09647 04791 09100 00070 07086 08634 03423 02359 05917 01785 08517 01794 09406 00671 07183 08339 03923 02316 01610 01064 06488 08898 09826 02653 05362 06232 03228 02877 07757 05783 08310 01070 07094 09409 00962 06288 08888 08869 06956 05678 07813 01383 08348 04883 08391 09169 06905 00539 03900
Row  94: 00019 01988 08846 04621 02126 02676 07653 05358 05822 02222 02257 05732 03211 01111 01131 03181 08126 02627 02744 04455 05547 04743 04349 04983 08333 03398 09804 00466 06638 03898 09819 01985 08577 07777 07751 05113 01361 06199 09997 09738 03812 01224 02430 03084 08436 03628 02893 09363 06323 02397 09747 04725 02503 00383 08329 02980 08024 02412 01208 00820 02002 00289 08937 03710 01095 09588 08872 07277 07752 05285 08539 03902 00226 02688 08850 05002 00219 01991 09147 04762 06245 04599 09969 06994 09459 05981 08193 09312 01282 08212 01254 05420 02030 03080 08099 09927 02708 00839 03987 08794
Row  95: 09482 08226 02605 00513 01310 01059 05965 06506 00680 08009 00900 00029 02983 08308 00872 07234 03424 02472 07244 04477 07757 05745 04512 01230 03020 02013 01361 06105 00581 08106 00651 05141 04134 03494 09400 00001 00115 01589 08985 08519 01988 08848 04895 09529 02991 09119 01978 07823 02362 06253 05303 00358 05849 04911 01117 01744 04419 01981 08157 05707 00780 08064 06445 04538 03814 01431 03131 03175 07542 04284 08429 02938 03810 01019 01914 01495 09590 09017 01760 06074 07421 02162 06272 07286 08675 07534 03434 03483 08363 06381 08158 05851 05158 05803 00356 05668 06835 03525 02584 08415
Row  96: 01594 09470 07038 03887 08767 06791 09153 05345 04550 05013 01324 02407 00763 06361 06125 02500 00053 05325 02586 08653 05389 08962 06259 05939 03966 06630 03055 05592 09269 06981 08161 06139 03989 08944 04444 04441 04109 00951 05152 05204 00487 08706 00641 04194 09476 07662 06241 04181 08172 07228 02820 02065 06551 05158 05841 04134 03400 00041 04197 09753 05399 09961 06140 04063 06394 09471 07138 03802 00252 05216 01618 01827 02757 05780 08090 09099 09971 07160 06041 04199 09916 01631 03173 07308 00824 02420 02017 01792 09297 09781 08127 02767 06787 08768 06893 09390 09092 09279 07974 07462
Row  97: 06270 07008 00889 08932 03229 02944 04450 05017 01724 02470 07026 02659 05905 00595 09546 04654 05463 06327 02735 03503 00357 05760 06055 05506 00654 05435 03551 05130 03015 01570 07024 02443 04322 02254 05463 06342 04283 08352 05274 07439 03910 01088 08891 09196 09634 03457 05789 08913 01345 04522 02234 03446 04684 08496 09675 07525 02530 03067 06764 06432 03238 03867 06720 02056 05695 09569 06960 06041 04121 02109 00982 08250 05028 02836 03679 07948 04882 08240 04036 03613 01369 06930 03069 06918 01861 06111 01150 05010 01090 09035 03535 03560 06088 08852 05263 06319 01983 08338 03820 02079
Row  98: 07995 09519 01942 04208 00836 03614 01428 02886 08643 04368 06883 08310 01074 07478 07852 05243 04374 07418 01835 03513 01331 03108 00845 04545 04597 09793 09353 05372 07202 00242 04209 00994 09421 02191 09133 03394 09408 00897 09768 06819 01988 08871 07196 09661 06171 07165 06574 07477 07794 09433 03338 03867 06762 06254 05403 00313 01388 08840 04030 03027 02781 08123 02335 03580 08025 02552 05278 07843 04396 09683 08303 00353 05388 08876 07600 00027 02734 03467 06778 07804 00446 04664 06477 07775 07566 06694 09478 07875 07537 03756 05678 07823 02395 09508 00813 01375 07567 06743 04378 07885
Row  99: 08569 06963 06332 03290 09088 08899 09911 01157 05714 01429 02978 07871 07105 00589 08910 01009 00991 09163 06394 09410 01006 00640 04021 02136 03628 02862 06283 08398 09803 00338 03871 07150 05060 06069 06966 06639 03972 07253 05372 07269 06940 04002 00212 01202 00221 02160 06070 07035 03581 08182 08230 03015 01503 00381 08144 04464 06458 05842 04218 01816 01607 00769 06913 01347 04765 06533 03357 05772 07294 09486 08638 03888 08848 04823 02376 07669 06977 07797 09759 05987 08786 08661 06109 00995 09550 05066 06648 04825 02573 07357 05787 08735 03518 01810 01052 05288 08896 09672 07265 06524

Seed: 577ef7340debed0046ecbf8ca4f2e36777e5df1309bcf6b31f2a96a39ad29c71
Master key: 0001020304050607...
IV: 000102030405060708090a0b0c0d0e0f
