Phase 4: After final substitution (100x100 numbers 0-9999)
======================================================================
Row   0: 08727 03055 04943 06793 03642 05621 02125 02225 01627 02099 08405 01791 00985 09928 03689 03651 02003 04033 08039 05437 03071 00897 03828 07544 07766 05486 05828 04931 04147 09450 09088 06137 00439 09210 04554 02359 03587 03787 06102 00254 05819 08712 00310 03221 06442 05425 01389 06211 07935 08440 04316 06070 03721 07155 07153 00227 07561 01292 04081 03101 03981 00039 02112 06045 06704 00724 08892 03968 05028 07370 02684 03681 08308 07833 06533 05338 01796 01894 09585 01650 01310 02070 04194 09829 04115 01747 08447 09327 03127 03732 08314 09750 02609 00097 03238 01205 08947 02861 02574 07828
Row   1: 00369 06227 07341 01868 05880 06731 05489 07428 07446 09562 05684 07365 04972 09847 04630 02040 03925 02171 00543 09856 07799 09351 06775 00495 02773 02377 04887 01757 01328 05133 03962 02581 06530 08519 06465 07685 03764 06772 00115 09767 02473 05588 01541 06059 02201 03803 08175 00396 03038 04046 02255 09166 07757 03204 04591 08783 04791 00876 02171 08162 07104 06004 06027 05719 07644 05308 06745 04525 04919 02004 04873 04034 08963 01356 01432 09820 00571 09481 04270 09460 02386 03513 04463 07580 01363 06110 03676 01391 06365 09642 02462 05942 07129 09002 02776 09438 02375 01915 00160 07284
Row   2: 03102 03195 01275 00157 09358 08288 09224 05801 08444 09551 07522 06942 02810 02178 00113 02626 03183 06969 08145 02442 07257 03313 00410 01333 01817 04004 09678 03422 02618 03922 05614 00893 03361 06054 02949 07117 01188 08172 08676 06522 09848 05916 06341 09813 00339 01747 04838 04425 09180 00976 08259 04610 05703 03549 07662 04189 09443 01063 07473 09915 01518 09647 02354 03556 09127 03025 09583 08318 05360 09176 08417 06209 05171 02298 09762 04098 07979 00777 06721 02491 05835 04476 08140 03417 01718 05462 03422 09279 08962 08697 07259 06915 05181 04667 00988 09648 03298 06719 04669 03397
Row   3: 04480 08560 06175 07812 03441 08576 08856 02313 06843 09447 02469 09549 04684 03504 01623 03941 01999 07429 07791 05629 03881 04330 01552 02570 06626 02465 05251 01426 05745 02973 05859 04881 07795 07787 08978 09042 08012 00075 09437 01462 07851 09283 08999 05320 02837 09033 09126 08739 01077 05825 08532 03563 00980 00433 04547 07159 02453 00512 03662 02969 08300 07395 04111 08349 03682 02456 09300 03594 05914 03134 05406 06574 06769 08375 02295 01993 08403 04011 07917 06317 07184 08637 07728 06624 04327 03461 01189 08007 04695 09362 08103 07957 05500 04881 00535 04037 00087 08406 06934 03062
Row   4: 08259 09288 06656 04453 04260 07927 02082 00746 07578 06640 02743 07101 09737 03616 02160 09441 01939 02621 07750 01574 09656 08750 02415 00019 08985 08929 07526 06313 04775 08407 03013 04891 08174 02626 03344 09873 07665 00790 03712 01509 01485 03354 02945 04128 01911 01659 07481 03878 09300 07537 05476 03346 05173 04861 01553 04665 02559 02116 01608 00018 03811 08092 00434 06890 04118 01593 02206 02668 09561 04543 00381 04106 07065 07821 08887 03999 06235 03185 06968 05457 07310 05195 09859 01078 04785 01665 09080 01476 06087 04979 08858 03200 01775 03429 01753 04311 04731 02022 01344 05520
Row   5: 07015 02430 09402 06990 09194 04988 08720 01914 08683 01032 04719 09258 05341 00684 03549 04460 00598 09839 03972 09161 00874 00310 00290 04418 01331 05894 07460 07231 02735 07049 03821 03208 09137 07257 05357 00744 05071 04967 04600 08836 07458 04528 04988 09267 04467 02385 05105 02381 08143 08085 07389 00596 09564 07411 00985 07415 04773 01320 08421 07637 08782 07509 03993 05775 02567 07794 00318 06037 08344 03707 04219 03094 00249 04426 09393 02192 07271 09818 09440 00528 02818 05109 00269 04088 05355 01166 04642 06065 06405 09165 02346 05568 05828 05224 09831 00550 03473 06596 06161 02082
Row   6: 03315 02313 04965 08315 00635 05514 02392 02593 04276 06348 02525 01581 09808 09361 06543 09171 03448 06015 07893 07325 07547 05945 03008 05529 06082 08190 03468 03399 00778 03213 03270 09606 02089 08103 09320 07274 06283 03496 07592 00555 07651 00155 08169 03297 02435 04240 02051 04228 03323 09622 09262 07582 05299 05437 08094 08659 01313 06528 06832 03030 07701 08520 02841 03604 09516 08759 08597 04487 02308 04605 06639 05437 02426 02860 08061 07973 06568 02068 02415 01492 02916 05944 02628 09759 06283 08590 02135 01952 07619 04579 08015 05797 06346 08018 06989 09028 02726 02531 01723 07307
Row   7: 01780 07264 07972 04185 03342 08698 03357 08857 02660 07498 07577 09876 02133 07620 06042 08012 00264 08273 07483 09818 09071 01726 07587 04649 09635 09699 07323 07202 04243 09073 03642 08585 08441 04109 03156 03122 00454 08929 07236 00108 01398 04354 09708 03225 09728 04496 05304 00331 05980 01965 09492 01929 06034 04426 07083 03457 04246 00666 05451 01775 01635 03766 06061 05056 03745 05155 02688 09069 09258 06128 00162 01376 00094 04648 07099 02260 03661 06786 02315 07529 09533 03716 04993 06433 04330 05120 04914 06220 03369 02472 05618 07581 07778 04491 03165 02440 05695 00523 01603 06167
Row   8: 00440 09521 04555 07836 07363 09427 07935 02562 01631 04547 02315 04092 07821 09824 06612 01591 09443 02608 02090 04793 04575 02414 02620 09542 04925 06635 03270 06912 09797 09129 08591 09655 02189 01243 02214 08334 01962 08724 01838 08540 04926 00717 03055 05315 03954 07772 07957 08799 03233 02107 04938 06843 03630 08819 05553 09426 09830 06723 09711 08719 06746 01145 02797 00710 08925 05820 02778 08325 00796 00916 02451 03567 08386 06104 03772 00953 07929 06133 09627 07693 09184 07033 07994 09921 04521 04798 02631 05701 09430 05431 09372 07886 04830 02039 07994 04870 08353 08195 07371 00613
Row   9: 03894 09279 02246 02180 04707 03902 02404 00015 05896 01324 01895 03699 05458 02739 06624 04272 01506 07483 02355 09854 00679 05459 05880 07635 00997 09124 00747 03651 02187 04365 01454 04470 06062 06604 07154 09478 08922 08193 07048 04991 08896 08405 09360 01371 08503 00314 01090 07730 06724 05613 00546 01402 05271 00607 00016 05612 02795 05486 09903 06125 09164 09377 05460 02476 08155 01447 03165 09653 03290 01960 06030 00566 08779 08056 08981 00340 08524 02981 08773 03176 06531 04540 05171 02297 05361 06111 06775 07593 08670 07166 07552 05412 03110 06889 05179 00690 08448 01744 05836 05397
Row  10: 05041 06852 01166 03080 04673 08871 05057 06936 01834 03364 08380 01839 08364 06599 07743 03795 05429 03042 09492 05523 06781 05661 02297 01515 09296 06307 07909 05875 04701 01693 01663 01642 06874 05149 04885 07966 02774 03998 09604 09142 00493 06424 06213 09312 05830 09629 04797 08791 05900 04726 00114 01232 04788 09128 03175 01795 06141 04153 01433 01287 08487 01393 01825 07993 02691 06025 05506 07387 03784 09413 01537 08828 03034 02706 09100 09445 07706 01494 05325 07504 01665 05892 02627 02837 00284 01967 09427 01584 04559 02270 00971 02433 09450 07019 07451 03493 02950 03253 03266 05849
Row  11: 03693 02272 04911 07138 04477 07257 07951 00894 03054 01222 01723 06409 05674 08197 04348 08009 08724 07952 01451 02288 00228 07597 02970 01331 00081 09219 01414 08643 01559 02415 02716 03441 04248 04397 08056 00475 00083 05542 00779 01202 03948 04499 09898 00119 04260 05265 07899 00869 05720 08925 02748 00494 09822 08524 04713 07965 04225 03798 00821 06233 07624 06224 02917 03424 09807 03492 01926 00739 07023 07100 07819 01486 07179 07465 00573 03788 00711 01484 05946 04411 01313 06759 07265 06943 09445 09861 00964 08619 03592 06016 02899 06632 06436 09320 08559 09716 07857 01650 04617 03818
Row  12: 02134 06161 00000 06496 02132 03075 05109 08840 03020 09475 07203 07631 02000 02850 03727 03882 03567 01825 02824 06629 06915 05773 04011 02161 06436 04039 02340 03856 09677 08395 03467 06435 06010 06964 03299 02616 07191 00475 02848 00593 05713 00204 07245 07190 03496 01548 02112 07120 00146 07643 09232 08048 02888 09735 05507 05759 05743 07550 02425 05376 00535 09713 02222 02460 06390 02914 06824 08593 07050 01635 09172 03882 09111 08534 02858 01603 04629 05175 01139 07390 03379 07836 09529 00942 00135 04998 05199 02207 07417 05113 00325 00764 06580 00729 02122 03392 08020 05350 01813 06430
Row  13: 02498 04529 04882 01768 00613 05965 08599 06810 04004 04687 01115 07105 04751 00043 04888 05727 00273 04839 09546 02832 03503 07348 01575 07236 09539 08649 06458 04214 09758 05642 08352 08533 06516 04022 05590 02236 07883 01067 02318 08732 02330 07169 05689 02162 05035 04074 04194 09016 00800 07964 05490 08047 07053 08759 03982 07005 03087 01836 06531 07332 07283 09980 09804 09709 05934 09052 06158 07541 06478 09645 04870 03147 06015 08588 06093 03121 01801 00810 02604 02923 08556 03001 03848 00070 05708 03421 00361 09839 08194 06007 05933 02352 03861 08286 01293 02716 07729 07617 08943 09234
Row  14: 08051 05587 02085 02323 08878 04379 09848 07071 04477 03627 04862 06667 07189 06797 08227 07526 04798 08604 01710 04841 03035 09687 04647 00438 02594 09303 08196 09183 07945 05374 03942 00582 04372 09023 06687 06180 09432 05095 06123 07996 09759 05518 02280 08076 08506 03087 04853 04418 02996 00282 08926 04280 05365 01406 07327 07894 03559 05200 03852 04018 08427 07558 01893 07421 05890 03576 05511 02591 00779 02180 00168 00172 05902 04835 08082 05131 09687 08715 07534 05484 02613 04112 06082 00045 01941 02215 02131 00737 02718 08981 02549 04453 01073 08644 00028 02402 05903 05096 09497 06980
Row  15: 00089 06750 00370 09691 05497 08079 07338 03954 08866 08232 06595 02320 00898 00708 08330 04387 00337 03427 07891 08253 00551 03282 06632 08202 04370 07570 07597 07488 03292 07340 02667 01491 04429 07091 02831 00159 00117 07888 09790 09560 09526 03889 00588 09499 00202 06630 02510 03062 05325 06986 01018 02798 08226 04561 06078 03295 08714 01295 08908 00205 08843 03510 07198 09647 01332 01824 03412 06523 04348 05769 09842 06488 03992 00795 05556 08656 02297 09718 00986 06962 08011 04995 04537 07585 09905 05471 04980 08637 06969 08413 07819 08958 05585 01666 06463 09472 04652 04342 03625 08822
Row  16: 00629 04760 09190 04051 02634 01084 01040 01586 01628 09648 09068 04017 02151 08799 08485 07051 09944 07755 00931 00518 06424 00806 04645 02737 02901 06724 09237 08895 09960 03533 01600 06441 00413 08853 04254 07245 05778 01030 04745 06298 02250 06539 00271 03813 02427 01902 05006 00461 02317 04714 07332 07191 04711 08166 02447 09347 08900 03300 06790 03527 08491 01904 01742 04882 04184 08642 03476 04617 06529 01171 02588 09882 07135 02607 05792 04689 04049 09770 05517 00746 05278 05663 03407 00497 00552 04550 06404 03458 06241 02913 01193 00590 02327 08523 05081 04128 00158 05243 07643 06652
Row  17: 00015 02687 05306 05913 00823 06913 03683 08898 05022 06598 02520 08211 07553 08662 02185 04698 04418 07373 03180 04172 03833 09366 02363 08495 02597 04280 02452 02932 01029 09072 06868 07320 03083 06894 06111 06851 00557 09359 02493 00683 02970 09840 09224 00250 06171 06149 08488 08816 07844 07601 00281 07596 02064 03475 01598 07459 00317 06091 00285 03206 07302 02518 08591 02341 01573 01466 01336 09488 01546 09790 07764 06530 05750 01712 03194 06160 06212 08355 05393 05790 00965 03141 08424 06478 07775 08136 04404 07592 04065 09299 05126 03037 01145 03654 03215 04398 01120 07465 03942 08440
Row  18: 08527 01171 03531 07405 06912 04261 03078 08968 03088 01485 03394 03063 08068 07834 01018 03594 00054 02043 04341 03505 07787 08062 09983 01078 01700 03309 04488 01709 07468 05110 04911 06080 09554 05995 08996 00477 05680 06244 00650 02104 08868 00897 09680 03714 04590 07353 08284 09313 05867 06611 00589 00371 05409 08788 04925 09609 03956 02450 03807 03335 03410 05879 01779 03118 02939 03424 05174 04792 01620 03424 09812 08799 03480 00423 09279 01533 03741 09536 02865 05910 03797 00238 09203 02386 06996 01761 01839 02898 03904 04073 03012 03769 00835 07404 08391 02359 00278 02419 04995 08229
Row  19: 09149 09556 02148 01273 06107 03202 07670 03907 05211 08031 05145 04916 04257 02187 02905 06213 02798 03090 02659 01357 07324 08428 03617 06856 05664 04341 07441 01571 01591 07080 06578 08513 03730 03258 08980 04210 00117 05141 02914 08388 07394 08087 00242 01182 01981 02970 01180 08873 03598 07921 02982 08341 02264 04074 05001 04351 06423 07346 00437 02892 08159 09141 06747 08402 02434 06017 03447 03495 09646 05746 07058 04021 02925 09506 00475 08209 06322 00169 05452 01456 09087 04000 04555 01667 05787 05260 08296 05357 07408 06006 08139 02062 05900 01506 05850 04985 08117 03611 01483 09188
Row  20: 03246 07188 07029 09846 04690 03323 06148 02410 07764 01287 08577 02869 09026 05077 05596 02364 04943 07160 02454 02046 06274 06219 02719 06314 00874 00373 06070 06203 05603 06655 06061 00121 09126 05560 09867 02106 06606 08536 01932 08819 06692 00398 04445 08653 01942 02149 00780 04579 07087 06910 03278 03441 05962 01005 05229 00195 07932 03496 06865 00058 08934 02522 07055 05901 08503 01642 00540 07142 02542 01888 01686 05612 09027 05394 01279 05580 07897 04254 00403 08523 03794 03849 04379 05877 03781 05461 08796 05926 06160 01726 05718 01490 04406 06209 02914 08288 00232 05287 08609 02583
Row  21: 01408 02839 06239 01311 07742 01642 05251 09899 01562 04640 09647 03315 08273 00559 01495 09967 08910 08870 03473 02796 04937 07981 02154 09127 03007 03069 01099 00147 06769 00972 04043 08112 04710 03487 07884 00805 01847 06180 00541 08978 08063 09781 00223 05140 01518 01107 01525 00639 09335 03970 05907 07486 08472 04172 03184 05742 09172 02009 07598 07637 05087 07961 04353 05653 03819 00886 04213 02394 08475 08596 01714 00120 02630 00899 09489 01098 00497 00014 01794 06428 06595 04526 00428 06576 03380 03808 02737 09274 09056 08626 03983 08698 05335 06308 04243 09415 04211 06669 02793 00313
Row  22: 04074 02449 06183 02886 09398 08356 00622 05728 07300 01190 06813 06676 07138 07299 01127 01265 01382 06522 00502 08455 06546 06765 07604 04901 00372 05515 08195 02965 06327 01471 04048 02948 04814 08329 05064 00691 06751 04719 01564 00597 00056 09285 08935 05319 04219 01055 01478 04207 09092 01473 09893 01020 03003 07664 07740 00755 02123 03002 00054 06482 02874 06556 09108 06791 06744 03416 03437 00724 05156 01634 02039 04536 02236 07699 03402 08389 03514 08476 09937 06113 02035 03610 08983 00358 03833 06915 03513 08669 08402 05161 07428 06516 09139 09945 02556 06254 00991 00126 04624 07995
Row  23: 05477 07079 05943 08837 02956 08414 09925 04599 01514 09268 07811 09216 00682 09624 01318 07518 01203 07105 04351 02019 00835 04134 09723 02885 00518 07473 08296 03757 06743 08011 07006 00724 02177 01327 08436 08373 02076 09035 02529 01021 04441 02570 09762 09110 07684 05100 09445 00698 09918 03166 09291 04589 04569 05460 08901 01193 00719 05342 09876 01231 09168 02842 08993 01126 09952 06748 08897 05809 04195 04349 05842 09199 07596 00616 09211 07152 01775 07574 04901 00576 03612 09571 09070 00172 08922 01106 06689 03758 00715 06115 02862 00497 09503 05138 01648 05152 09679 05449 06825 01688
Row  24: 02140 03458 06300 02335 08641 04236 01616 01019 00082 08976 05283 01861 00582 00346 08633 02565 08071 03437 09516 05930 03443 00714 03287 02055 08911 09708 09786 02128 03367 09550 05239 05666 07827 07801 04398 05656 07655 00316 00345 05087 07358 09301 00956 05818 04657 07950 04305 04120 03514 00001 08697 08448 01118 02979 03797 04866 07449 01016 03191 03834 05829 00543 09472 02059 09501 08708 06531 06830 03441 00267 00877 01889 01085 07038 04010 07931 00277 00950 05562 06023 02623 09130 07022 08151 01300 03473 03138 05584 09720 06973 05556 00218 02804 09448 08832 08802 08046 07631 08455 01340
Row  25: 04395 07056 09885 08141 04525 07006 07655 05236 06278 00474 02585 00446 06323 06106 07512 08378 09000 09046 07599 05433 02027 09312 04402 02875 04172 08456 06326 03800 06542 01743 03660 00316 09682 05567 06706 08424 07662 01052 01195 00119 06733 01768 04323 06951 04915 00790 09123 03994 01121 04361 07834 01077 04311 08563 05722 08374 08891 02326 07085 09716 09972 09196 09691 06802 04653 07019 00520 05063 07109 09018 02910 02059 04681 09358 02693 00134 08316 00904 00397 09311 07102 06554 01810 00428 05294 06827 00953 07866 02653 08754 09297 01836 04307 08869 06472 09388 00034 04501 00696 09397
Row  26: 09957 06928 01545 04481 08537 08119 05525 03620 07955 05773 09819 00064 07672 08667 08768 05931 04574 07610 04752 09010 03355 00600 06777 06297 05768 02678 00914 00970 01355 01898 04134 00214 09392 03741 05635 03819 05537 08945 09137 05065 00092 03844 09134 01043 02027 01931 05643 05726 08076 00543 06981 00961 08969 04319 00472 00480 06522 02991 07994 00727 03188 09821 07464 07684 06657 08180 02852 06272 01016 01016 00774 02062 07773 05888 04915 03715 02462 03724 03682 01265 06193 05143 00424 08593 08396 01722 02277 04877 07790 08699 06379 01252 01602 09441 00995 09609 00139 09982 09499 01313
Row  27: 06655 02107 09545 02446 04044 09040 02643 03271 05814 04174 03856 01204 02924 05534 09498 09289 07269 08456 01003 08453 00528 04254 01822 04172 06207 09590 05853 00865 07712 00441 08383 08614 05308 04204 02975 05949 09119 07336 00143 08951 03789 05812 06923 09458 01388 02200 09067 05024 03973 07828 05402 05890 09322 01028 06083 03792 04554 09035 07944 03035 07840 00855 05254 00235 04917 05737 06696 08457 02401 09840 06600 01833 02359 08577 05439 00163 01602 00025 07007 03219 05784 04339 07529 06165 00140 01883 06446 02070 07035 02864 03171 09282 00768 07930 02855 02261 03162 02161 04293 06004
Row  28: 09016 06173 01526 02279 00234 02351 06041 07172 01422 08782 03957 09347 09671 06369 09791 09119 01278 00158 03419 03739 06277 08038 07877 06227 08369 01065 09560 06570 01127 02497 02112 00348 08243 06218 07683 02469 00543 05503 00615 06960 03445 03326 07533 04671 05499 04694 01477 08537 03704 05676 07423 06984 04026 06479 01609 02629 05594 08752 02079 09748 05559 02448 02344 09776 04110 04465 08791 09504 02606 02145 02933 08190 08642 06248 09605 00088 04819 09305 05488 06402 04907 02715 06687 04989 02190 05348 01158 04838 06186 04780 03450 05435 00761 07493 01370 04270 06156 05523 02708 08451
Row  29: 05854 04042 00741 07929 02495 02203 03241 07991 04182 09884 00285 04669 06521 06762 01022 07739 03378 04751 09712 07733 07458 00895 07935 04681 03157 01174 05410 09322 09010 06243 00495 00650 05063 02599 00771 03623 09192 05487 03750 01698 09124 04042 06542 06969 07672 04901 04285 05369 00369 06535 08013 08550 02557 07103 08387 03907 09502 06228 07009 09889 01755 01341 09921 00481 07087 06306 08612 02980 05399 05680 09848 05874 01173 01586 06353 01279 05081 05211 01581 01364 04927 06048 05237 04826 04937 00046 09897 07552 08374 00535 01306 02215 09596 09906 03182 08457 03300 09846 06178 02601
Row  30: 05984 02113 03019 06966 06125 03790 08675 04781 06385 01415 03450 04030 06512 09301 05579 07753 06705 09067 00345 01138 03870 06644 00161 09367 01456 07971 05648 05754 05487 08761 08931 05198 08135 09502 08577 04378 03069 01360 05165 08271 06198 09650 03919 09068 08596 07716 04521 06883 06302 00762 04595 01882 08359 06507 07582 06059 04977 00041 02286 03747 01453 06132 09646 04703 00632 01575 04802 02502 02344 06920 02297 09100 04941 02090 03966 08274 06328 03607 01105 03696 00409 02331 00316 04062 05334 06782 01775 03114 00255 01124 05578 09309 06806 03368 06201 02883 04695 01813 09629 09758
Row  31: 09409 03589 06735 04288 08988 04470 07824 06533 05183 03399 07762 04075 04150 02135 02778 04824 07782 05394 05049 01444 07575 03097 05627 03053 05212 04443 06851 00927 03474 03485 08090 00403 00476 08358 09597 06129 06670 04559 05316 07274 07428 00494 01216 08237 05985 05787 02556 04938 05681 07371 02498 04298 05336 01391 08190 01003 09133 00931 07559 07574 08035 02940 03427 03319 05615 06701 09745 03036 07195 06247 06416 02426 09143 08316 04338 08570 01196 08280 08972 08664 08929 05202 06548 03316 05155 06486 03110 06190 07573 03012 09087 03549 09493 00287 03202 08768 07158 02155 02879 09409
Row  32: 00399 06505 01072 07028 07647 00075 00880 09290 02641 00512 02073 09400 09877 09062 05493 04844 07830 02630 08127 03573 05665 00339 07423 08683 04949 03922 06862 02278 03215 06474 05751 08933 02654 06154 03160 06102 09519 09569 04766 09571 00314 03453 05894 01706 06806 03079 00485 02469 01413 05531 00725 09376 03514 07976 04851 03468 02990 03104 04379 04949 06703 00659 06880 07215 08780 08394 03596 05106 02431 02246 01851 06145 04027 03459 09853 03577 02040 06811 09848 06674 00209 08843 03544 08110 06754 05576 02344 06253 08838 04833 02763 09828 03202 07025 04608 05216 01801 08708 03168 09438
Row  33: 08164 09001 08957 02704 02775 01485 05827 03342 08371 08702 08266 07245 02686 05366 00453 06606 01352 06940 05331 07571 06281 05078 06190 01230 02879 00183 02504 03256 05969 04328 03139 07236 02635 05655 07777 02469 00969 09966 04911 09287 06262 01581 01786 00200 06794 09980 06624 05195 09186 07463 08852 07796 08578 04342 05642 08969 04120 07515 07500 04042 08850 00658 07359 04303 02951 01604 02820 05286 00705 05347 08003 03669 04109 06029 06166 04339 06402 09211 02207 02419 08210 07823 09404 08128 05929 04351 06387 06083 03508 06229 06052 06424 08949 03091 01643 09521 09074 04234 02003 00779
Row  34: 03247 09916 04995 07962 09001 00111 04047 02493 03322 03277 04334 08589 04477 08736 04389 03901 01778 01208 00653 08488 00475 04582 01595 08104 06744 09172 04843 00067 02163 08363 06002 07951 02443 02219 02228 05859 00609 08845 09019 01671 05621 03753 08852 06159 05444 01025 04874 06315 00722 04919 07610 09847 03482 04631 03223 06594 02503 07061 08400 02092 04014 08158 09862 09556 06791 01237 05940 02198 06925 01531 01720 00273 02631 08337 00899 02331 00957 03207 08165 01510 01212 01201 09806 07041 08596 07612 04081 00162 09786 00248 04365 09718 08192 02206 00984 06659 09784 07334 00574 06351
Row  35: 04596 09931 07285 03570 07712 05215 05675 02835 04413 07868 02404 03683 04349 08278 03827 06263 01618 04248 04943 03714 06648 07893 07823 07633 08265 05443 00409 09870 06985 01674 05616 07602 00469 03108 00056 08457 01024 08260 08897 02186 05142 02636 05795 00884 09417 07157 07850 00753 07644 05435 03201 07476 00202 08405 05955 07398 04292 04363 07236 08421 05494 04286 08642 07225 09600 04772 03402 00866 04627 03053 03573 05076 07784 05963 07130 06419 09617 09196 05071 03718 00439 06195 02907 08500 01034 01391 06430 02745 05115 04176 04803 03551 05984 01843 08876 08941 09704 07427 02335 05389
Row  36: 05743 04039 08669 07910 04913 01185 03583 08066 02938 03731 02965 09831 00239 03286 05151 06078 09946 02491 07720 05912 03697 00717 02923 05996 00479 02023 09754 00277 01783 00762 06181 02858 09567 01416 02989 04983 09103 02933 05003 06708 07984 08548 03831 08419 03657 07634 00794 07175 09957 00697 02164 08580 06407 06791 01385 09152 07768 00936 06767 01973 07368 01262 06829 09926 06355 03821 01288 04700 02756 03733 00139 01079 07980 09851 03542 08073 05325 05511 02525 09911 08264 01524 02176 09800 05361 06870 04039 07528 03714 01857 03755 05918 04752 01352 00895 02207 06946 05883 05004 09708
Row  37: 05803 05717 02913 01529 02035 07478 04452 04670 09642 09595 04316 01542 07944 07965 08440 07216 02657 03375 04379 09646 04468 04255 00242 01383 04280 03436 08374 06773 07842 07213 00463 06673 08599 03092 09677 00738 07937 04400 04936 08976 08211 09353 04585 05925 08385 01855 02718 07258 03252 07374 07041 09516 04232 05134 02256 00737 07369 07953 00709 04994 03319 02199 05636 05757 06697 01147 05531 07043 03234 03198 08170 05072 06035 05968 04271 08021 03879 02055 02711 09814 08701 02212 07621 06589 07315 03587 06751 08642 04745 09608 05780 00279 06801 08214 03931 06660 02157 00442 08077 09192
Row  38: 07294 03525 02176 03230 08854 06782 09004 01095 04597 06421 05551 07145 00011 02229 01250 02957 00421 06451 01053 03903 09880 02564 07331 04347 04887 09852 09294 07493 04606 07692 07269 09510 04903 07245 07302 07808 09637 03088 04148 03042 03073 07300 07056 02756 02407 02893 05868 06533 00272 02393 02626 00660 05685 01979 00535 00116 01333 05651 05540 09910 06037 00065 08977 03307 05305 07973 07694 03282 00047 04570 01745 07163 07448 02418 09160 01966 00295 09148 06591 06859 09745 05830 07406 08000 09043 08436 03546 06757 02341 03281 07972 04000 07039 01915 00197 00985 04804 00522 04938 02882
Row  39: 05018 02156 02537 04345 08050 08302 01575 07404 06907 09667 01238 06508 08271 00284 08903 02809 04258 03083 08819 08842 07011 07966 04938 00881 02149 05550 01511 05605 02027 06849 00654 00669 06473 03606 02049 07448 05165 00129 06669 07262 09539 04142 05136 01926 04029 05668 09203 09461 09067 00018 06291 02148 07601 04300 00053 07899 02234 09866 07418 02139 02648 09653 02265 04266 07613 02883 01971 04482 00425 01346 08088 01488 05935 07323 01380 09993 01332 05928 04467 07309 00286 02108 09790 03304 01148 09793 08037 02235 06500 00226 04051 04385 01515 01955 00422 06642 05237 09325 04608 04118
Row  40: 02480 06315 02898 04207 08830 01174 02303 01301 09123 09398 06084 01490 02548 05541 05635 04097 05210 07984 03928 05155 05316 02739 03062 09652 03687 09722 08492 02155 09270 02180 09346 08542 04227 01164 08748 00606 01384 07890 06329 06595 09550 09462 05946 06851 09909 06742 08119 02489 02508 07254 08270 01377 01289 05786 07714 03645 06065 00331 06152 04533 02054 08911 07889 04042 05734 03965 06655 04451 09139 03055 04379 05722 01563 08814 06328 02880 01660 07002 08338 06549 05775 05647 05299 05084 09984 08669 08111 05063 07568 02746 02895 08085 03765 05269 08608 06221 00807 06908 04320 03564
Row  41: 03991 04493 01722 06592 06941 01830 07361 00526 04755 07429 07695 06265 08744 03075 01492 02129 00382 01223 04295 03198 05297 06413 09624 05157 04151 08899 05476 08177 04349 02423 00202 07519 03562 01736 01603 06994 02059 02980 09399 04211 06625 02809 06717 00487 03134 02808 01500 03867 04226 04108 03488 09660 07845 00062 00066 00945 03330 03747 08072 00528 09382 01958 03066 05754 09173 08913 07265 07482 01652 09603 09150 03474 04823 04321 07269 08268 02892 07390 07528 09732 00481 07736 09432 04679 05079 00562 04527 07402 04666 08654 01345 02819 09670 07795 07755 09277 00780 02066 03894 07213
Row  42: 02573 06850 08993 00170 01065 03783 01205 06200 00483 09981 03669 04641 03576 02225 01571 05696 01896 01520 04189 06406 03872 04806 09922 08494 04157 03980 03569 06514 04004 09669 09981 01643 06169 02621 09576 01641 03243 06965 00320 06773 01953 09593 05893 01966 08288 08476 09227 02385 05724 08018 00921 01113 00098 03725 05677 03037 05414 01380 08008 01783 02791 07464 04457 03970 00432 05758 03890 04314 05106 03783 05803 04080 01754 02721 04564 03157 05371 05552 08238 08589 01099 04831 06157 03206 06173 09362 06079 04225 06340 03445 08916 07642 00228 02271 04844 03891 06489 05708 07219 00767
Row  43: 04216 08976 03425 06707 00534 06041 09709 09234 02172 05230 04046 03017 07723 04380 03058 05970 02960 00541 03321 04408 07536 04975 02235 05671 01031 09194 05257 05180 06882 06136 06439 06148 00951 07656 03387 04866 02371 09448 08509 03417 00955 04314 04251 06425 08188 01009 01991 01916 04319 02293 01210 09977 00078 06036 01043 00379 00190 04195 09168 02039 04913 08370 07588 03492 05538 01715 02364 09801 02059 08423 08096 07286 05106 06845 07912 09897 07334 08201 00653 01467 01404 07242 00491 03529 02218 00210 02880 00127 00574 01386 05104 09860 09014 06588 06640 04627 02664 08160 07008 09115
Row  44: 01217 08025 04977 04400 07245 03305 06675 02926 07190 04220 00125 01262 01493 09907 06110 05196 01973 07749 05787 07190 05553 05407 04024 01071 00685 08901 08552 00027 05801 01853 03385 01768 00118 01509 00381 00346 07150 09709 06164 02669 01798 04518 04708 00358 01590 02983 02974 02197 00185 02632 06931 03673 09839 06010 06148 07873 00501 05884 04862 01619 00072 07793 01923 05283 05828 00561 04080 03163 05944 07345 02856 04395 07416 04733 06428 00483 00070 03300 00482 00642 07322 01686 07981 04402 05106 07249 01257 04768 02355 00597 03760 00956 00591 02643 03431 08862 06890 06557 07018 00287
Row  45: 01378 06145 07922 09843 02136 03874 01216 01261 09626 00065 03956 00849 09456 00367 08059 07927 06473 01394 01219 07921 08760 04449 08917 04682 03566 01193 02504 04576 04785 05121 02789 02807 09456 01662 01128 07388 00383 06815 00756 09554 09905 04802 07102 06737 01126 01294 02916 09376 05385 08412 05246 08382 00507 01497 06277 01222 08145 06998 07001 06469 07877 05719 05472 02741 08445 07751 00385 03474 04993 02424 03825 00522 08839 03865 05177 04110 05760 00235 02645 08392 06313 04290 02272 00077 08893 06610 09047 00779 08904 08034 07307 03510 07492 06904 09545 01288 08233 04096 06912 09867
Row  46: 06639 05571 01530 06184 05128 05777 02520 06479 06025 09581 01189 08664 01367 05125 03186 01551 01289 04562 03414 03279 08005 01245 09421 03405 02816 06585 05569 00051 00687 07040 04085 02192 03104 01218 05343 04543 02685 04610 08409 03681 02829 03667 06412 07003 07208 04730 01199 07853 01593 05575 01794 00128 01801 06302 06333 00161 08071 01598 08571 03698 08235 01538 02941 05985 01972 01093 06750 07320 05970 00683 05786 02769 06875 00797 02352 04797 06320 03627 07591 04305 09965 08608 05517 07053 00624 09768 04986 01205 03946 05029 06528 02737 02351 09535 02353 05482 07855 04653 04294 04521
Row  47: 09461 09687 09952 03517 04207 00080 07287 08358 05355 03408 03081 09061 09201 06479 06219 00656 07841 02088 01537 05256 03380 01367 04389 00888 02018 08343 01430 02894 03728 02431 08225 06813 05242 03818 05141 00070 00650 05782 02894 04471 03202 01335 08235 02432 07676 09895 03034 05203 00150 06873 01345 06257 03794 08185 00123 05513 01613 05129 05685 09808 00754 08258 08568 07972 07116 02633 05512 02805 06952 04700 00643 00256 08166 00895 05130 02553 06875 03533 01589 08799 02533 02505 03580 09269 04110 08271 08548 04259 02347 00177 07066 04853 00459 05690 04551 06936 07969 07110 04368 04713
Row  48: 09013 09542 06382 01920 04447 09851 07195 02894 05528 06838 07892 05227 01625 08896 04391 00705 00630 03302 05385 03282 02482 08112 09925 07651 05310 05732 06819 03625 07060 04617 03836 05628 08566 01167 02502 06034 01401 05749 01679 05794 02294 00115 05928 09867 08277 01240 00376 07685 08465 05949 00237 09993 04329 06062 07469 09376 06865 08437 08973 01477 09761 07546 07925 05867 08684 08774 01003 05312 04469 00565 03007 01464 00863 04787 01614 09116 08929 06239 05979 06221 03199 01149 07154 08335 02235 02150 04041 03841 00340 03523 05057 06409 01154 08878 06232 06114 08659 02849 09960 08095
Row  49: 00720 08861 01907 08995 00049 05955 03523 03473 07449 01946 06025 05758 09821 01821 02998 07835 00369 06393 06664 07426 09480 08030 00450 06616 05770 07690 03878 03299 03775 04359 04097 06812 05635 05308 00759 06370 05874 09048 07105 00265 05607 05276 06149 05625 08169 03477 01719 03379 01371 05929 08725 05162 00643 01364 09305 05801 02091 02530 04146 02644 04752 02231 07473 07092 02504 00011 05984 09559 07874 03786 01805 07588 00414 04221 09572 08669 00479 05537 04175 04679 06582 00122 09366 08024 08220 07068 01619 08643 06699 07832 06000 03178 05785 08097 06303 08011 00265 07399 09659 01846
Row  50: 09572 08635 02871 01316 07951 00175 01373 09221 02371 00384 00555 03198 04092 07393 04884 02043 06646 08932 01435 00696 08636 00652 02784 09885 06676 09654 04127 01905 04922 09112 06693 03656 03922 08762 05832 01494 07599 00203 00658 04463 02238 04127 01549 05743 05617 02005 02439 09907 05920 04992 07258 07974 06910 02970 06197 02775 06525 05722 09667 02609 07933 00982 06246 00865 04056 09156 02202 06798 05464 05297 04199 06195 05367 04147 09176 02460 09375 05170 00095 09105 05790 09920 07318 01971 00585 04487 06577 07608 03456 04774 01506 02060 04390 00758 00923 06484 00396 02773 09064 04507
Row  51: 05769 08739 07344 00492 07419 07158 03676 06065 05298 03052 09324 09374 01088 04316 05352 03501 02788 03599 08803 03446 00075 09542 07124 05935 01643 06277 01545 01912 03244 00732 07136 08535 06141 01296 01049 09573 06681 07476 03602 02671 09650 09846 03784 07175 09048 07536 09446 01646 04846 01983 07541 08507 04030 03651 07029 06760 04348 02755 07920 06827 08390 09119 07167 09705 05631 07978 06340 00216 06399 03568 09964 08768 04017 05416 03996 09081 04481 06467 08163 04644 00508 07625 06680 03699 01742 07996 00721 08464 02167 03123 09916 01113 00884 03043 03467 06274 07235 03611 06948 01043
Row  52: 05821 09745 09078 08907 02554 03347 04479 00182 00171 01527 07661 06062 09710 04800 02859 07228 03660 09670 01586 09702 02166 01499 03816 09620 02077 03090 01263 06723 06431 00217 02862 08357 05958 06933 07887 06022 06561 08586 06777 00267 00345 09610 07250 04263 00262 05423 02144 04532 02310 09495 05466 01162 00423 05826 09876 07200 08341 04587 03911 07308 00808 03571 03755 04355 08246 00395 03272 02664 08676 07239 06110 03057 08623 06627 04473 01935 00323 08837 00607 05641 02292 02610 08696 04572 08209 01677 08726 01537 08219 05990 04060 07963 07914 06543 02163 05373 06172 04535 05841 00374
Row  53: 05864 06971 09528 08964 03564 05822 05205 05974 00297 01560 04514 06028 09791 09509 09333 06742 04837 05015 03229 06611 01695 01603 02911 01115 05802 08211 00045 04109 08140 08457 00265 08216 01935 08560 00660 00334 09398 07889 04055 08831 05716 08518 04458 09294 02282 01395 00705 07930 09095 03820 00459 00582 01703 09272 09677 01022 09656 04673 05032 01338 01584 05424 06881 02455 07451 00606 02833 03845 03770 09717 09231 08847 06071 02598 03247 08217 07720 06066 03184 07762 00730 02455 01808 04659 06131 07647 00107 00333 03601 06118 01217 09820 00466 09425 02518 06369 03975 00418 09047 09814
Row  54: 09437 03295 00988 08395 04939 07871 09875 00884 03306 05706 03964 02493 08788 06460 05324 00295 07383 01116 06309 04627 05055 01070 08660 03090 04170 06324 09961 02639 06157 00200 09545 09446 02590 00820 09445 08794 08635 07044 06005 08449 05178 00220 02135 07932 09783 03556 08680 06955 04778 05571 08459 03098 03467 06840 09840 02341 05131 09280 09503 05638 02807 03919 08776 09069 05200 05711 01587 08892 07126 06068 05667 09195 09199 03728 07446 05235 03829 03442 06127 03800 06964 07620 07113 04636 05087 09738 02277 00743 08245 05156 08231 03583 02628 04142 03003 04814 06090 03206 04171 07666
Row  55: 01254 09213 09528 05287 01119 04423 07545 00671 01435 05376 07818 03912 00250 00819 09160 03208 08938 00854 09129 04403 07570 08132 01781 02364 06193 08926 01468 02288 03236 08154 01820 06050 00001 03417 08366 06239 07697 00321 02890 01912 07313 01611 09361 01802 08762 06939 06916 01159 04063 02410 02524 09973 09612 02086 07750 06471 09988 01030 04097 01561 01098 03372 03132 02669 07917 01016 00941 05337 06201 07200 00618 08964 06288 08102 05673 07379 07343 06716 00284 09601 02672 09114 02346 05335 06348 06522 04367 07414 07157 03452 01994 09475 07159 02810 09692 03103 08877 05612 03050 04977
Row  56: 06275 07426 00591 02028 07941 02265 02125 09680 01432 00569 04047 09229 07029 08076 06964 09732 01305 04761 04148 01376 02939 08031 05885 06780 09565 06054 09138 02250 02311 04462 03514 09464 02149 01730 03269 01646 01920 09022 04092 09638 04429 03484 00715 08301 08043 01365 03856 07464 07699 05098 02261 05554 07207 09747 07585 08580 06106 04038 03534 04280 09302 09961 07668 02877 07799 09423 06082 04514 09569 08104 06494 01220 06280 02168 02668 02166 04252 01019 00157 03568 00725 01302 06470 06453 06622 09727 01539 03374 08994 03653 09755 07284 04825 00075 02759 07839 07660 07726 04230 01862
Row  57: 07514 06037 09599 07615 00860 04587 09152 08864 04938 06326 09029 07492 02354 04085 02482 00031 00188 06367 05284 01255 00991 04049 08898 06645 06438 05968 02205 02541 09256 04974 08364 07874 01750 05984 07011 08244 09453 09028 08805 00553 09953 03676 06998 01559 02806 00844 01408 07090 04353 03804 02942 07814 02194 08756 04014 05039 00507 02091 05538 00753 05805 02045 00857 00721 07639 00666 08004 08347 00435 04030 01657 09924 08671 09313 07759 06648 04618 02644 04727 05018 05234 09463 09442 06197 02715 02555 05051 05326 06241 02532 05891 00256 05260 00907 08812 03230 01223 07719 08997 08402
Row  58: 00228 05627 01207 06571 00005 05555 04690 04589 01177 04027 09453 01242 06431 09642 00277 06055 05708 07195 07948 00749 01131 03639 00636 05858 02357 03563 06682 04711 00320 00293 08101 08558 00391 02528 04011 08426 07554 05802 06810 01574 04740 00721 02380 07491 05678 01749 06072 08505 03605 00686 01901 01833 08393 03628 08383 04715 06615 05021 00795 09447 07787 00656 05789 07710 08014 03331 09682 09403 02895 04618 00925 06976 09618 05053 09313 08540 00953 04387 09825 09196 07269 06964 04557 01122 03875 06459 04032 04792 05123 05976 04691 04924 03548 00013 03619 03688 06321 05869 07403 05854
Row  59: 08572 02187 06421 01563 04949 05064 03904 08152 09255 00286 04048 00625 03380 07524 03979 00797 01418 04673 02918 06788 04623 03037 04374 07660 04054 01392 00078 04932 09335 00365 05506 06221 00254 09282 00686 07762 05356 01336 03840 09762 04829 04466 00274 08798 02349 05113 09583 04759 04008 01514 00154 06418 04134 00410 03522 06553 00867 06549 01974 07228 05723 00099 08882 02679 05542 07931 02189 04738 04910 05802 07769 05770 04236 01169 06038 08676 05965 01984 03817 07230 00949 06595 06682 01773 04605 08129 01135 06797 01391 04249 03920 01185 01970 00141 08376 00019 09736 08848 05387 01054
Row  60: 07958 05729 02114 08366 03603 06244 02314 02746 06499 05448 02617 01933 04647 08889 02581 07939 03561 01567 09783 09162 07669 05651 08593 06940 08515 05612 04398 04319 09938 04128 07940 02730 02975 04695 09743 00014 06664 04972 02413 02488 08089 00312 03011 06999 05104 00864 00717 08992 07795 09662 03669 08535 05367 02465 07123 04923 00185 08492 06553 08332 07393 02110 03366 00190 02532 03012 02026 09954 00568 04629 08304 09105 06726 02609 06529 04450 05464 07348 09653 02318 05259 04077 04169 04247 06584 03093 02931 09160 06335 03179 08225 04969 01903 09495 03098 06130 02810 03433 04550 07099
Row  61: 04038 04143 01219 00862 00141 06492 02244 04860 07608 02439 08037 08784 06699 01982 06495 07265 09474 03728 07419 01390 07487 02968 09295 05696 02682 06539 04896 08037 04914 07595 01676 04833 00089 04968 09366 05468 09769 02200 01967 05639 02276 06521 00033 07955 04176 00562 08843 02809 00733 06450 07907 00023 09917 01625 00200 06614 02581 03833 04271 05012 06773 04673 05580 09019 02232 07793 00349 04703 09678 08224 04705 01544 08112 08420 01081 02202 02046 07218 06327 01143 07168 05985 02225 09008 03791 02045 08910 05772 00069 06354 04011 09801 09409 06207 08828 02540 08285 04756 04954 06735
Row  62: 07534 04620 01499 09856 01056 07801 03506 01076 02191 07825 05189 03073 03722 08497 09448 03527 04801 06228 01608 03092 05916 09210 01854 00968 02666 08225 03310 07058 09127 07226 07937 02713 02102 02029 09932 03422 01662 06407 07284 08604 02395 08975 05371 09559 08293 07053 06076 05721 03605 03145 06478 05377 08514 00213 06121 09712 07650 00066 06200 03958 01892 05594 09420 05400 06380 07537 03689 03576 04544 01234 08665 08985 00438 04180 02946 02240 08252 03533 01365 04964 04551 07961 01007 08057 08485 04427 05714 03409 04239 04560 05560 09390 05511 06569 00033 09218 08949 09628 05488 01337
Row  63: 07967 07208 05450 00367 08590 03498 04412 01506 09989 06100 01346 08039 06251 00726 08351 09496 02596 07196 08314 01542 01614 05005 03933 09151 01594 02812 09329 02370 03529 04354 09295 02561 01289 05886 07339 07431 03749 03775 01489 05755 01397 09654 04269 08294 05492 06624 07708 01297 03269 03398 04932 09973 07672 01078 07986 00378 05481 01999 07226 02955 02293 09082 00672 08577 09935 03953 02912 05431 06185 05009 06676 07372 03870 06903 03155 03126 07598 03542 05417 04371 01463 07553 08237 08605 08353 02970 04035 09581 04063 09970 05926 05958 02164 05725 06795 04136 07728 07129 05799 00748
Row  64: 09677 09875 05542 07680 08657 02878 09096 06650 00450 00906 01374 00998 04720 04891 04421 01957 04346 03822 01877 00701 00357 06307 05646 00424 04363 01866 07060 03053 04993 07582 05369 03303 01607 07144 00368 09883 03935 03276 01894 02598 01323 05642 03481 09121 03293 03134 06058 00171 05161 02015 05276 01526 06001 00473 06466 04858 01564 05296 05257 08548 07190 09787 04005 05439 04246 03709 02744 00448 02078 03424 04021 06783 01258 04217 05683 01449 01011 02181 09249 03938 09775 03624 04780 07690 08039 09748 06879 03117 06109 05969 01552 07766 06518 05022 09373 06627 01240 01342 06699 08583
Row  65: 01522 04220 01456 01943 05974 07437 01456 09531 05480 00424 09549 07151 08751 04647 09241 06887 02191 07682 04961 07936 08273 04800 04176 09447 03037 01579 04127 02097 03339 00067 01597 03465 03793 00383 06633 09246 02149 02484 01049 01305 01502 08597 06023 01981 08673 00432 01071 05101 07406 04579 03440 09286 02808 05565 04202 09108 03224 01578 00947 09356 09490 05245 03514 04327 09280 03462 06510 08482 05218 09820 09945 02538 08204 07096 06162 07998 02948 03111 03562 07211 01236 02344 09983 05423 06734 07173 07376 08057 07291 05482 04144 09244 06882 07479 00080 02205 01027 04229 09090 07336
Row  66: 05663 09416 03442 00881 03740 05145 03286 04017 07191 04497 02293 07977 09634 03617 01731 01536 05430 04831 03556 05816 04017 01546 00733 02343 00222 02531 08093 02626 04863 08011 01501 03015 05981 01825 06956 05431 08340 00144 03879 09000 06922 01903 05812 09153 05627 03047 05514 05762 01853 01631 04982 01656 04130 03409 08628 06632 04988 03372 02567 02763 09347 06559 04296 02836 09228 05333 00198 00986 01948 01776 03009 03334 09519 01828 05028 00233 06984 07953 00613 01421 04880 08730 05348 00784 01360 06400 06104 09295 07665 01109 07327 04740 07132 06066 00875 07103 02846 08979 05425 01225
Row  67: 01397 01155 08116 06431 06349 06281 08596 04326 06209 05622 01480 08009 04175 01487 08413 04257 02580 08528 01428 09752 01846 08587 00037 08549 04531 09487 05563 09885 02879 02225 05791 06874 03231 00015 09855 01955 02216 07878 00379 04964 02275 09443 03986 09397 04543 07393 09134 04320 07654 03953 07563 02064 06275 03872 00395 04180 02344 03425 09593 02568 09742 06598 09138 03107 08346 05649 06441 05605 07883 05573 07579 07985 08048 04120 02862 02448 08106 06220 09779 07716 00162 02712 02005 09273 01526 03548 02820 04116 06019 00826 00300 00691 04576 08379 03042 03671 07515 01727 09142 02014
Row  68: 04839 09161 00398 09563 09354 07716 06379 08207 01127 07887 03111 09404 04001 07261 03955 00139 06701 05880 04513 06188 03873 03348 03110 06278 01280 01436 05117 01104 01953 05224 03117 07667 07902 01207 09558 00655 08530 02430 00133 04805 03483 02334 04030 01811 04527 02519 04753 01489 03579 01011 05929 01324 08462 03841 06003 02032 08397 02953 08085 06222 00660 07746 05174 08867 02056 09389 06465 04690 07291 08196 05366 01020 02414 00976 05445 01083 09995 00765 05518 05936 00492 08867 09588 00809 07297 08432 01235 09508 07453 04376 00182 01940 04136 06789 02862 06907 08020 08482 03258 05783
Row  69: 01645 04413 04257 07591 02264 09083 07444 01982 00437 03331 00150 01709 08374 09709 05566 04507 01315 07544 02377 04164 06509 09617 01300 01978 04740 07239 09270 05116 07068 06985 01060 03407 07908 05188 07474 07745 02088 01472 01341 00036 00356 06715 03050 05277 09476 07416 00145 04706 05674 01362 00333 08924 09415 08061 07418 07214 04686 06360 09213 09745 04248 01491 04263 02910 05237 09972 07698 01465 07080 08962 02566 00232 04660 02010 06852 04333 06659 04748 08888 08338 06624 03281 00958 06221 09644 02421 07401 00035 05915 00213 07353 05211 02885 05807 03591 00198 01021 00044 06964 06483
Row  70: 01720 02692 09849 08327 04087 06780 07427 06217 03292 07554 03076 02453 09840 02380 03641 07310 06523 05742 05278 02796 07133 03299 01095 04255 09099 02278 09297 00179 06924 06894 03733 00885 00542 05435 02806 02510 08925 06933 07474 09868 09182 02260 07671 08192 04054 07907 00288 05059 05991 01775 05732 08462 08584 09092 02607 01543 04668 01990 08679 03239 01755 00538 02329 00466 03350 04819 07537 02455 02612 07589 05282 07166 08561 04010 01433 04383 09163 05186 01713 00033 06802 06651 00365 00121 00017 02807 03870 08703 01774 00518 04640 09418 01416 08895 06223 03650 05066 08541 09787 09306
Row  71: 08878 06574 05548 05178 02253 03596 07313 03685 09178 07869 08779 00599 03243 01819 07276 07081 03822 08609 09548 00385 09660 07834 05750 05130 03917 08264 00560 05776 07672 09837 03182 01444 00240 06053 05953 07466 06840 00484 09079 04139 01001 03321 01994 01884 00355 09082 03364 08995 09018 08130 06069 08192 01203 01363 05863 09812 02537 06198 09083 00057 06391 08918 00896 04801 03462 08691 00284 05983 09386 04889 04990 09293 05549 05268 00254 09639 06029 07041 06080 03154 07042 05048 09274 06200 03776 01313 09878 07471 04629 06498 03196 02817 03993 07498 03435 07019 07660 02434 04870 09383
Row  72: 00385 07258 02431 00127 01894 05510 05294 00474 06113 05678 04178 05135 07557 01726 09936 09532 02558 00889 02518 08502 00545 04119 05958 08175 07548 01387 01812 07663 04854 01666 08238 02832 07594 03786 00243 09053 05808 07083 09491 06329 07427 08594 00756 08869 01998 01874 03180 07886 05041 09948 06796 00683 09957 01208 03729 05466 05445 00032 01306 01849 05152 03424 07588 00947 00487 08636 06794 00449 00089 06613 05015 00315 09518 08357 09139 09208 06390 00443 02274 09000 02285 09507 09706 06883 02387 01036 08574 05857 06532 06982 02437 09056 01161 00741 01585 03213 02317 03865 09245 05660
Row  73: 03372 09750 08023 00805 06244 05879 00055 06564 03057 02778 01910 09817 06424 03682 08600 00210 06214 05275 07908 06376 05055 00182 04065 00275 05259 03856 05660 06278 08430 05953 06573 07873 03594 03768 00164 01479 09691 09407 04537 00434 05473 07409 03329 01539 05963 09200 05112 06300 09149 03989 06053 04379 07341 00011 05824 00944 03489 08463 03278 01853 08775 04289 04219 07187 03609 08619 04659 07429 02148 03988 05867 09878 07827 00511 04737 04317 03500 04214 00886 00765 06545 00061 04531 06162 00404 04609 07539 08651 06325 04462 02224 02999 08425 07656 02352 00745 06614 06198 06138 06874
Row  74: 08236 00617 06124 03387 08070 05819 00907 04508 06800 01400 07426 07722 06551 09222 01813 09489 00491 06329 04403 03991 03516 08718 03865 02479 05512 07851 07599 01460 01357 05380 08649 08903 03754 07605 01705 07435 01023 07994 01404 06994 06740 04510 02748 06919 06630 01352 06533 09533 01479 05420 08403 05483 03998 09041 00765 03524 09531 04407 05706 01553 08516 01473 09161 05481 09978 04832 01826 02523 00300 04899 05675 03559 05895 07396 02222 00775 07919 01467 03065 03464 06682 03647 08373 09596 00868 00453 01272 09479 03755 06652 07917 01400 03752 01591 01581 05800 06457 01185 00527 09648
Row  75: 03397 09448 01943 03300 07355 06064 03359 06950 04342 04394 09280 00861 00499 06307 07801 02289 04809 00511 02463 03193 07558 06333 01008 06537 03914 06395 05483 04319 00790 04720 03845 00092 05636 06231 08954 06709 04554 07923 03375 01988 00429 07878 06321 03400 07217 03898 04211 04507 03830 06861 09860 04194 06226 05639 04887 00566 05845 05174 01146 07774 08115 09958 07920 04835 08395 04783 04616 02108 08457 04227 08236 02311 02140 05538 00757 05403 04969 08674 01912 04818 08853 04161 02892 00875 05511 09345 06360 03996 08936 01918 00313 00861 03536 01925 05383 07597 01987 07274 04428 03300
Row  76: 08969 00718 03672 06478 04638 04213 02367 00606 02007 09989 04869 08228 01436 08180 05900 04351 00349 06315 00759 01335 08938 05547 05694 08469 01568 09605 09584 09541 01683 02927 08882 09950 03553 07036 07542 02000 01982 01885 05034 00081 00695 03676 07312 09362 02744 09179 00858 07597 06656 08598 09840 07360 08599 03514 07380 05283 01326 09846 01742 04398 05658 06320 07765 00847 02829 06082 01254 09011 08392 00497 03468 08356 01441 02519 05370 09967 02275 02615 04168 07870 08461 07782 08810 02113 00966 07077 01565 04097 01755 07000 03347 03028 05675 02253 06339 08910 09111 00487 03878 05766
Row  77: 01526 00498 07606 09146 02757 07694 06230 06718 03603 09484 00666 02747 00234 01322 00183 09969 05674 07636 08810 04650 04654 06570 02987 08620 02545 08033 01384 07289 07305 00239 08089 01662 02210 03098 00148 08181 03387 03964 03888 05937 05067 04902 04061 06221 05827 07704 01918 08015 08126 04307 09371 07138 02717 01585 07172 02655 05352 06774 01771 02069 01599 08761 07983 05965 09941 06007 07336 07359 04786 09856 02728 06611 08549 02709 05473 04244 07437 03888 02141 08675 03575 09641 06222 08735 04163 09606 03963 00984 08534 06502 06230 00539 07420 06446 08565 03965 03707 03759 03625 07721
Row  78: 08529 00666 09934 09610 06407 03974 03401 07482 06569 02533 08929 06913 06097 09653 08829 03160 03554 01470 05902 05422 01135 00263 02826 02244 07256 04744 05629 03179 09340 04773 06839 07049 09893 08017 09158 00521 08420 08094 08140 06280 03155 09612 05254 07315 02129 09794 02940 01220 09270 05143 07851 03728 01434 09791 07658 04508 09400 09715 02910 06577 06087 00244 00217 03947 09405 09618 08492 08429 05057 09166 02880 04748 06242 02045 06295 00206 05366 03286 00584 03754 02776 05883 04654 09859 09192 03186 01030 07023 06211 09046 05724 01348 09223 05173 06622 06078 00435 04992 06746 01372
Row  79: 08500 04330 00082 08688 00782 08998 04985 09071 05602 01380 00395 03964 00960 01622 05065 07266 06723 05276 08085 08785 09328 06355 05731 07338 05247 05937 03661 04527 08367 09468 00717 08031 07949 07168 08036 08171 09418 05986 06316 02449 05429 01770 05748 02213 00054 08567 02653 02600 01595 06175 00170 00945 03578 04769 09642 00247 08843 00148 03565 05486 01643 01130 09218 03485 05257 04441 02966 01582 03679 08793 07110 09258 04208 06062 03364 04782 08903 00852 04148 07751 03004 00218 05247 01083 09806 00192 03029 01990 01940 09733 03959 08216 03810 05799 01634 03039 04354 00444 00033 07431
Row  80: 01104 09465 02758 08646 00628 08245 06401 05366 01610 05431 02364 09039 08762 00802 05564 01119 09459 06057 08261 03848 06075 07532 05923 03564 03605 00962 00581 05848 02716 08790 02254 05369 04601 05948 03891 04045 05336 01853 04978 06513 00463 01613 08792 08686 07063 00656 05996 05515 06908 05719 00084 07447 07028 02381 04421 08644 09904 01027 08761 08962 08420 04629 00611 00088 02347 02617 04304 05994 04931 05870 05855 02444 04255 07886 00606 09314 08520 02768 01519 02857 01417 06448 02467 06626 09804 02395 07555 00959 06255 05659 01944 00172 05079 07452 01603 09853 06183 09927 06277 00070
Row  81: 06217 01696 06135 09130 02435 03076 06150 07299 04981 05715 04232 00422 03374 03372 00663 09428 00854 07984 01449 07310 04322 01057 09072 02195 09605 00352 08487 02077 06325 00537 00068 04058 03318 06191 04197 09449 00385 01924 01960 02919 03477 09975 01252 04080 03941 03340 01549 08365 06323 01634 04594 07152 03109 05917 02477 09412 08245 08562 02890 09203 08483 01229 06602 09038 05164 08245 07439 03324 07232 00012 05261 08964 02658 01684 05120 03481 03073 03592 02034 04042 02583 05821 01889 05034 08506 08280 03163 08817 03835 01197 00620 01174 02054 05750 03133 09415 04065 09812 02171 07741
Row  82: 05124 07118 05501 09459 04466 00406 02031 00389 04666 05219 08489 03967 04187 08810 09761 08404 02450 06849 01165 05584 05859 01199 01295 06338 05765 08109 08832 01017 08498 08685 02561 09487 04689 07677 09219 09475 09407 02482 01155 00352 08135 06578 06872 02767 09360 03921 09867 08155 02104 03672 06789 01138 04814 03746 09332 04096 06432 05682 02005 02126 03313 04892 03450 06071 01645 07737 03475 07850 08075 09763 09093 00257 04393 01342 09817 00276 03517 03103 00929 05273 06746 00113 06914 06425 00181 06012 07704 06714 08930 07700 02514 03748 02671 01251 06423 08075 07116 05474 07711 01885
Row  83: 05933 03345 01505 05839 02157 03570 06278 02958 00126 05262 02550 04822 09284 07076 08658 02339 04640 09255 05226 06493 06147 05289 09839 08793 07390 05587 05466 01958 07059 02126 01938 07719 08836 06610 08397 00822 01261 05224 05115 09284 05863 00531 07844 06950 03253 00431 00626 07329 07734 04191 04941 07645 06375 04358 08489 00167 02968 02836 03036 04215 01556 04662 00608 02379 02341 07192 02750 03471 01129 09663 00028 00377 07989 08224 02660 07968 04445 07217 07461 00102 03222 03488 04044 00014 08926 03389 00719 07981 02454 09143 01068 00607 05424 04371 00889 02077 05827 05555 05109 08326
Row  84: 06215 01529 08063 07863 06175 07352 00582 02636 04135 00787 00380 08193 03166 04769 07802 09803 00187 06754 09546 03217 09602 07802 05268 00525 07986 09579 04428 07624 02508 05365 05327 06293 08520 07592 03554 00502 08980 08632 01271 06366 09063 07136 03516 00125 06720 07643 08546 00630 04483 07484 06632 04926 08019 05513 02518 09312 08733 09957 04608 07833 04188 08932 00617 06604 06521 05223 06981 02131 05346 06605 06455 02173 04094 09341 09565 01183 00354 03554 08448 01864 03619 09290 06491 09320 00448 02881 09395 05958 07266 06509 08031 04149 01150 03963 08377 07989 02797 05537 05273 07401
Row  85: 09172 06651 08520 07393 08745 01059 03864 06688 01850 01919 00385 00641 00355 02165 00737 00578 08982 05935 09194 04740 09762 03794 05391 03205 09909 06892 09631 03751 06728 06465 05468 07114 04284 05877 04124 01649 09645 08013 06084 04930 01913 07672 07084 00335 03929 00294 00097 01211 02938 05689 07461 01564 05403 05597 06616 06423 00367 01841 08433 05589 00689 01069 03129 03295 09238 04080 05950 00652 03403 09578 09837 01130 05406 00473 04313 01859 08256 07551 03273 00445 01023 04582 09454 02733 03707 09836 08425 01510 01427 06261 05694 06259 04790 07465 01129 03350 00794 03064 06806 08381
Row  86: 08948 02184 08039 05163 08244 09972 04941 07714 08110 02727 05911 02785 04510 03041 02343 03240 06189 04798 08923 05916 03896 09947 00838 05652 04847 04353 04654 01737 09444 07516 09178 02817 09920 02299 01810 05136 05440 07594 03766 06474 01855 06656 02550 06567 08479 05599 02502 05952 08731 04183 03189 01453 08666 03763 03514 08264 09944 09580 04839 07181 04405 09491 08278 06996 07805 02983 05731 01840 09943 04569 03038 05936 00745 07475 06337 03779 02735 01539 03431 07097 09939 03072 07313 01979 02264 05825 02277 01715 05409 03961 03929 08070 08798 00097 06298 07095 00653 06557 04182 06420
Row  87: 03439 03048 09804 06637 09224 01272 09749 07758 02717 06432 02830 07500 09659 08512 06379 07284 03800 08018 06688 02637 07065 06794 04911 09563 08850 06272 09528 09956 02780 04786 08908 08683 00219 01738 07640 08635 04107 06108 08629 06621 02966 01599 06951 09512 02818 06997 00167 02906 07082 05087 02618 08984 05566 06046 04461 09912 08853 06187 04335 09407 02129 08119 06163 08569 03013 01508 08523 01794 09626 09966 09561 08690 02351 02446 00945 00486 06147 06911 01291 05851 03845 04965 09823 05918 07823 00864 03381 07039 07169 01645 03940 04293 07078 06372 03023 07200 01874 08157 08723 01745
Row  88: 09950 01474 01928 03807 05645 03364 00782 01241 04703 05524 01218 07211 03539 00384 03260 02512 00962 07914 05566 00520 05274 00529 04606 01320 06940 07398 09353 02830 09097 06124 07196 02378 05460 08766 08105 00499 09595 04229 02730 04873 07799 04764 07481 05321 07019 06437 04984 09466 07027 00704 02549 05340 03151 09304 05883 02840 02501 00923 02860 04592 01825 09828 01298 03720 08908 08853 08097 09835 02456 00092 06025 02095 02222 02985 08075 01084 08521 05780 07558 09740 06128 08539 01712 09630 00550 01708 09189 06369 05915 00025 01814 06804 03084 07096 02439 04872 01076 00742 08481 00983
Row  89: 01893 03937 00037 07946 07117 00038 00501 03892 09465 00324 02190 03774 07758 09520 08106 07036 01166 01063 06489 00509 05306 04890 03406 05286 01958 06567 03331 08099 04798 06883 00441 09089 01664 05095 06085 08784 05558 03636 09948 05288 04750 05811 02097 07186 02233 03287 01679 02504 06064 01402 00956 09017 02922 00474 04697 07005 09032 08747 00870 06473 05440 01360 05671 09043 03799 06411 01405 01450 04200 04361 02496 04013 04367 07280 01078 00198 06327 02073 06848 02536 05155 06983 07122 02552 09318 02119 06347 08594 08708 03361 08552 04596 00313 00632 04077 05653 00933 05116 07684 03332
Row  90: 00615 07856 02007 00842 02075 09096 04015 02024 08500 04606 08285 01753 09936 07416 04761 09617 07679 00658 08532 08186 08542 04796 09284 03868 01574 06744 02457 03006 03496 05792 06707 07552 00423 00380 05051 09710 08620 02583 08258 03783 07416 00756 00436 04364 03677 08003 05661 07450 07182 09821 06228 05491 04622 07658 02119 05588 01389 00619 08081 08831 09296 03940 08688 03557 03301 09558 08830 04785 02551 05550 09106 05749 01395 08518 02018 02208 01475 02608 07808 05354 08274 04843 02311 06048 03441 01956 03393 07090 02354 01913 06079 08258 08355 04454 01650 01749 04423 08773 00364 01877
Row  91: 09494 06265 05897 00275 03256 09122 05241 06375 07303 02724 00933 01040 04803 01851 04028 07643 03648 00612 01924 03273 00657 06614 04810 00911 02190 03060 08094 06057 02699 03551 07386 00444 04636 07057 09876 09550 08127 01461 01440 03248 01993 07061 09613 02421 07866 05787 07259 03670 09331 04218 05946 09329 00924 07421 03661 03550 05579 02149 03256 07609 08449 04278 03374 00339 04193 02367 04362 08515 07558 06208 07583 02695 06601 04775 05538 05159 07010 04046 08666 03677 04255 01095 01862 00152 05494 00704 00997 05602 09299 06079 07126 00008 03397 07076 04155 03711 04513 00872 09430 07744
Row  92: 04713 04804 05300 09695 05231 01963 08830 08790 00611 07314 03715 05515 09397 02670 07097 04982 03702 06616 04267 03446 03709 06324 01267 04796 09482 05336 08309 05304 09776 06957 08448 01481 09464 06406 07559 02906 01494 08314 06744 01524 02573 08348 07637 08974 07549 01954 01167 00731 01505 05681 09021 04159 06177 00173 09927 02002 04578 02518 00139 07281 06925 01638 04442 04989 09243 06419 06291 01830 06510 01475 00593 08522 04875 06848 04288 07318 03202 03952 05524 07325 01268 09436 06763 02508 07712 06752 06313 00220 07748 00813 00755 06480 04857 06773 09594 07781 04282 01432 04609 07198
Row  93: 09033 03927 02419 08187 02493 01469 01382 02071 05318 07783 07276 06536 00617 00042 09018 09998 02198 09456 02555 04749 03885 04829 08059 05671 02690 04579 00786 06182 01106 09812 01224 02494 01818 07567 00417 09982 03223 02584 01995 08461 01450 04165 05620 09982 09674 09343 03519 00739 04233 00502 00155 03837 02974 03776 03483 00727 02557 09123 09869 01786 04008 06944 02394 09343 00716 06133 03687 06128 02036 02767 00662 03173 03829 01171 03375 09685 00149 00976 07529 09643 03705 03654 03938 09391 09330 00350 01832 09757 04460 07780 04636 01115 01474 02748 04068 01127 04512 09673 00736 04171
Row  94: 05628 09689 02631 02775 00320 06944 06097 09112 08067 08598 07332 01252 02296 02239 08076 08682 02409 05746 09665 00036 05460 06788 04101 01727 01804 06800 00404 06774 09631 05899 01601 08846 04583 08927 08902 01700 03113 07740 09616 06185 05527 06553 09187 09008 08575 07785 05356 05908 06590 08537 03555 01956 05750 05006 05473 06309 04802 07535 09605 01162 07762 01335 09484 05714 04066 03003 08604 03734 04319 08384 02015 03600 03033 06252 08354 08057 09740 06067 08732 09028 03286 07254 03414 08504 06167 08153 06071 04336 07154 05567 09810 05680 01669 07673 04583 01704 02243 07176 09322 02914
Row  95: 03040 05418 00727 07259 03200 02061 01473 05045 01888 02014 03671 02421 06352 09961 01757 03892 07610 06634 01382 08363 05985 02570 04674 08911 06907 08158 01331 01077 05368 01564 03738 00055 02697 00236 08554 04256 04670 02970 02350 06964 08990 03316 05598 07254 09049 06372 06590 07640 03959 02690 05300 02129 05056 08541 09520 07313 05084 05894 01927 06513 01129 04381 02587 09162 08849 07620 08468 04696 01139 02636 00904 05871 02951 02980 09554 00553 05244 03218 08442 03341 02930 05640 02124 04994 06038 05934 04521 01034 07713 09559 09738 08037 01693 00321 01497 02898 06138 08496 02785 04927
Row  96: 09677 01795 05820 03300 03267 05691 08174 02933 01785 04524 02464 03437 08787 05841 06041 07265 05179 01778 01795 02850 08577 03166 05697 06895 07402 03740 00894 05357 07208 03734 02165 07822 06186 04694 05195 03307 06812 07431 01710 06909 00010 08696 09977 09770 06204 05589 06926 04506 03209 05966 01252 04360 07057 07219 05223 07485 07761 08829 01121 01551 07378 01248 08341 05655 04494 01464 03401 06250 07759 04231 07894 02644 04207 01041 00099 08737 01393 01677 08307 04481 06928 04239 04320 04280 01799 00618 08756 06044 05634 02540 00835 00087 01233 03335 05713 07147 00245 04804 08858 04451
Row  97: 04796 04797 08706 05482 08258 05201 04429 04990 04056 00696 03210 03340 02316 05787 08122 02491 09833 09273 06054 02551 04204 01399 03200 06013 09364 04496 08889 09338 04110 02927 01951 01210 05749 09834 03322 07647 00571 03150 07843 08307 07061 05877 09779 02253 01525 03971 00047 02726 01975 04202 01568 02806 02229 02802 06319 04704 04609 03526 05755 07824 07190 09789 02846 09591 09700 02846 00257 03557 04050 05912 01702 05714 06709 08781 08924 04584 06405 03687 02543 01284 06610 03691 09975 08101 03114 01753 03310 03447 00168 05216 01007 02265 04715 06423 03912 00386 02647 03732 04719 06222
Row  98: 08088 02718 09157 08289 09794 08939 01959 02908 07823 03732 05088 07753 02111 07610 05107 08148 07321 05450 05384 08057 05769 05762 05517 06363 05093 06674 01707 03713 04350 07228 02327 04088 01630 05370 02983 01522 08214 00743 08681 04976 00667 00786 00215 08589 05229 00865 05338 01378 00173 07571 05659 03131 00147 01462 09181 09293 03692 08492 05115 06266 02215 05792 09969 01110 05658 07137 03777 05021 09373 07312 08377 01858 01014 07701 02866 06749 05417 06909 01777 08967 05965 03700 04914 07903 06372 07503 05522 07100 00986 01025 05686 07155 05083 06307 01451 07811 02865 00947 06305 02031
Row  99: 02718 01247 01319 04792 09988 09821 08123 06404 09272 07618 09081 03390 06252 05135 06501 08826 09934 02824 01711 00024 01474 07312 06588 07643 04111 03830 03838 01287 08874 00794 04253 08006 02046 07941 07584 07576 04828 04259 04164 02183 04740 06784 06660 04091 02260 05885 06865 01499 04522 04207 00920 09250 07839 02593 04471 03145 02179 01555 03824 03677 03657 03067 08434 04877 08613 04311 02995 05893 03283 02634 07395 05620 00795 02245 06595 09268 09172 05877 00429 03594 01332 06054 01346 02941 03495 01299 07655 06551 08204 06585 07369 08917 00971 08041 00344 09387 09214 08594 01996 02580

Seed: 67cd9797a6cb483b3652f8700a9faec50dc8b9786af094f3b51485991b2fcd87
Master key: 0001020304050607...
IV: 000102030405060708090a0b0c0d0e0f
